171,0
171,1
171,2
171,3
171,4
171,5
171,6
171,7
171,8
171,9
171,10
171,11
171,12
171,13
171,14
171,15
171,16
171,17
171,18
171,19
170,20
169,21
168,22
167,23
166,24
165,25
164,26
163,27
162,27
161,28
160,28
159,29
158,29
157,29
156,29
155,29
154,29
153,29
152,29
151,29
150,29
149,29
148,29
147,29
146,29
145,29
144,29
143,29
142,29
141,29
140,29
139,30
138,31
137,32
136,33
135,34
134,35
133,36
132,37
131,38
130,39
129,40
128,41
127,42
126,43
125,44
124,45
123,46
122,47
122,48
122,49
122,50
122,51
122,52
122,53
122,54
122,55
122,56
122,57
122,58
122,59
122,60
122,61
122,62
122,63
122,64
122,65
122,66
122,67
122,68
122,69
122,70
122,71
122,72
122,73
122,74
122,75
122,76
122,77
122,78
122,79
122,80
122,81
122,82
122,83
122,84
122,85
122,86
122,87
122,88
122,89
122,90
122,91
122,92
122,93
122,94
122,95
122,96
122,97
122,98
122,99
122,100
122,101
122,102
122,103
122,104
122,105
122,106
122,107
122,108
122,109
122,110
122,111
122,112
122,113
122,114
122,115
122,116
121,117
120,118
119,119
118,120
117,121
116,122
115,123
114,124
113,125
112,126
111,127
110,128
109,129
108,130
107,131
106,132
106,133
105,134
105,135
105,136
105,137
104,138
103,139
102,140
101,141
100,142
99,143
98,144
97,145
96,146
95,147
94,148
93,149
92,150
91,151
90,152
90,153
89,154
88,155
87,156
87,157
86,158
86,159
86,160
86,161
86,162
86,163
86,164
86,165
86,166
86,167
86,168
86,169
86,170
86,171
86,172
86,173
86,174
86,175
86,176
86,177
86,178
86,179
86,180
86,181
86,182
86,183
86,184
86,185
86,186
86,187
86,188
86,189
86,190
86,191
86,192
86,193
86,194
86,195
86,196
86,197
86,198
86,199
86,200
86,201
86,202
86,203
86,204
86,205
86,206
86,207
86,208
86,209
86,210
86,211
86,212
86,213
86,214
86,215
86,216
86,217
86,218
86,219
86,220
86,221
86,222
86,223
86,224
86,225
86,226
86,227
87,228
88,229
89,230
90,231
91,232
92,233
93,234
94,235
95,236
96,237
97,237
98,238
99,238
100,238
101,239
102,239
103,239
104,239
105,239
106,239
107,239
108,239
109,239
110,239
111,239
112,239
113,239
114,239
115,239
116,239
117,239
118,239
119,239
120,239
121,239
122,239
123,239
124,239
125,239
126,239
127,239
128,239
129,239
130,239
131,239
132,239
133,239
134,239
135,239
136,239
137,239
138,239
139,239
140,239
141,239
142,239
143,239
144,239
145,239
146,239
147,239
148,239
149,239
150,239
151,239
152,239
153,239
154,239
155,239
156,239
157,239
158,239
159,239
160,239
161,239
162,239
163,239
164,239
165,239
166,239
167,239
168,239
169,239
170,239
171,239
172,239
173,239
174,239
175,239
176,239
177,239
178,239
179,239
180,239
181,239
182,240
183,240
184,240
185,240
186,240
187,240
188,240
189,240
190,240
191,240
192,240
193,240
194,240
195,240
196,240
197,240
198,240
199,240
200,240
201,240
202,240
203,240
204,240
205,240
206,240
207,239
208,238
209,237
210,236
211,235
212,234
213,233
214,232
215,231
216,230
217,229
218,229
219,229
220,229
221,228
222,228
223,227
224,226
225,225
226,224
227,223
228,222
229,222
230,221
231,221
232,221
233,221
234,221
235,221
236,221
237,221
238,221
239,221
240,221
241,221
242,221
243,221
244,221
245,221
246,221
247,221
248,221
249,221
250,221
251,221
252,221
253,221
254,221
255,221
256,221
257,221
258,221
259,221
260,221
261,221
262,221
263,221
264,221
265,221
266,221
267,221
268,221
269,221
270,221
271,221
272,221
273,221
274,221
275,221
276,221
277,221
278,221
279,221
280,221
281,221
282,221
283,221
284,221
285,221
286,221
287,221
288,221
289,221
290,221
291,221
292,221
293,221
294,221
295,220
296,219
297,218
298,217
299,216
300,215
301,214
302,213
303,212
304,212
305,211
306,211
307,211
308,211
309,211
310,211
311,212
312,213
313,214
314,215
315,216
316,217
317,218
318,219
319,220
320,221
321,222
322,223
323,224
324,225
325,226
326,227
326,228
326,229
326,230
326,231
326,232
326,233
326,234
326,235
327,236
328,237
329,238
330,239
331,240
332,241
333,242
333,243
334,244
335,245
336,246
336,247
336,248
336,249
336,250
336,251
336,252
336,253
336,254
336,255
336,256
336,257
336,258
336,259
336,260
336,261
336,262
336,263
336,264
336,265
337,266
337,267
337,268
337,269
337,270
337,271
337,272
337,273
337,274
337,275
337,276
337,277
337,278
337,279
337,280
337,281
337,282
337,283
337,284
337,285
337,286
337,287
337,288
337,289
337,290
337,291
337,292
337,293
337,294
337,295
338,296
339,297
340,298
341,299
342,300
343,301
344,302
345,303
346,304
347,305
348,306
349,307
350,308
351,309
352,310
353,311
354,312
355,313
356,314
357,315
358,316
359,317
360,318
361,319
362,320
363,321
364,322
365,323
366,324
367,325
368,326
369,327
370,328
371,329
372,330
373,331
374,332
375,333
376,334
377,335
378,336
379,337
380,338
381,339
382,340
383,341
384,342
385,343
386,344
387,345
388,346
389,347
390,348
391,349
392,350
393,351
394,352
395,353
396,354
397,355
398,356
399,357
400,358
401,359
402,360
403,361
404,362
405,363
406,364
407,365
408,366
409,367
410,368
411,369
412,370
413,371
414,372
415,373
416,374
417,375
418,376
419,377
420,378
421,379
422,380
423,381
424,382
425,383
426,384
427,385
428,386
429,387
430,388
431,389
432,390
433,391
434,392
435,393
436,394
437,395
438,396
439,397
440,398
441,399
442,400
442,401
443,402
443,403
443,404
443,405
443,406
443,407
443,408
443,409
443,410
443,411
443,412
443,413
443,414
443,415
443,416
443,417
444,418
445,419
445,420
445,421
445,422
445,423
445,424
445,425
445,426
445,427
445,428
445,429
445,430
445,431
445,432
445,433
445,434
445,435
445,436
445,437
445,438
445,439
445,440
445,441
445,442
445,443
445,444
445,445
445,446
445,447
445,448
445,449
445,450
445,451
445,452
445,453
445,454
445,455
445,456
445,457
445,458
445,459
445,460
446,461
447,462
448,463
449,464
450,465
451,466
452,467
453,468
454,469
454,470
454,471
454,472
454,473
454,474
454,475
454,476
454,477
454,478
454,479
454,480
454,481
454,482
454,483
454,484
454,485
454,486
454,487
454,488
454,489
454,490
454,491
454,492
454,493
455,494
456,495
457,496
458,497
459,498
460,499
171,0
171,1
171,2
171,3
171,4
171,5
171,6
171,7
171,8
171,9
171,10
171,11
171,12
171,13
171,14
171,15
171,16
171,17
171,18
171,19
170,20
169,21
168,22
167,23
166,24
165,25
164,26
163,27
162,27
161,28
160,28
159,29
158,29
157,29
156,29
155,29
154,29
153,29
152,29
151,29
150,29
149,29
148,29
147,29
146,29
145,29
144,29
143,29
142,29
141,29
140,29
139,30
138,31
137,32
136,33
135,34
134,35
133,36
132,37
131,38
130,39
129,40
128,41
127,42
126,43
125,44
124,45
123,46
122,47
122,48
122,49
122,50
122,51
122,52
122,53
122,54
122,55
122,56
122,57
122,58
122,59
122,60
122,61
122,62
122,63
122,64
122,65
122,66
122,67
122,68
122,69
122,70
122,71
122,72
122,73
122,74
122,75
122,76
122,77
122,78
122,79
122,80
122,81
122,82
122,83
122,84
122,85
122,86
122,87
122,88
122,89
122,90
122,91
122,92
122,93
122,94
122,95
122,96
122,97
122,98
122,99
122,100
122,101
122,102
122,103
122,104
122,105
122,106
122,107
122,108
122,109
122,110
122,111
122,112
122,113
122,114
122,115
122,116
121,117
120,118
119,119
118,120
117,121
116,122
115,123
114,124
113,125
112,126
111,127
110,128
109,129
108,130
107,131
106,132
106,133
105,134
105,135
105,136
105,137
104,138
103,139
102,140
101,141
100,142
99,143
98,144
97,145
96,146
95,147
94,148
93,149
92,150
91,151
90,152
90,153
89,154
88,155
87,156
87,157
86,158
86,159
86,160
86,161
86,162
86,163
86,164
86,165
86,166
86,167
86,168
86,169
86,170
86,171
86,172
86,173
86,174
86,175
86,176
86,177
86,178
86,179
86,180
86,181
86,182
86,183
86,184
86,185
86,186
86,187
86,188
86,189
86,190
86,191
86,192
86,193
86,194
86,195
86,196
86,197
86,198
86,199
86,200
86,201
86,202
86,203
86,204
86,205
86,206
86,207
86,208
86,209
86,210
86,211
86,212
86,213
86,214
86,215
86,216
86,217
86,218
86,219
86,220
86,221
86,222
86,223
86,224
86,225
86,226
86,227
87,228
88,229
89,230
90,231
91,232
92,233
93,234
94,235
95,236
96,237
97,237
98,238
99,238
100,238
101,239
102,239
103,239
104,239
105,239
106,239
107,239
108,239
109,239
110,239
111,239
112,239
113,239
114,239
115,239
116,239
117,239
118,239
119,239
120,239
121,239
122,239
123,239
124,239
125,239
126,239
127,239
128,239
129,239
130,239
131,239
132,239
133,239
134,239
135,239
136,239
137,239
138,239
139,239
140,239
141,239
142,239
143,239
144,239
145,239
146,239
147,239
148,239
149,239
150,239
151,239
152,239
153,239
154,239
155,239
156,239
157,239
158,239
159,239
160,239
161,239
162,239
163,239
164,239
165,239
166,239
167,239
168,239
169,239
170,239
171,239
172,239
173,239
174,239
175,239
176,239
177,239
178,239
179,239
180,239
181,239
182,240
183,240
184,240
185,240
186,240
187,240
188,240
189,240
190,240
191,240
192,240
193,240
194,240
195,240
196,240
197,240
198,240
199,240
200,240
201,240
202,240
203,240
204,240
205,240
206,240
207,239
208,238
209,237
210,236
211,235
212,234
213,233
214,232
215,231
216,230
217,229
218,229
219,229
220,229
221,228
222,228
223,227
224,226
225,225
226,224
227,223
228,222
229,222
230,221
231,221
232,221
233,221
234,221
235,221
236,221
237,221
238,221
239,221
240,221
241,221
242,221
243,221
244,221
245,221
246,221
247,221
248,221
249,221
250,221
251,221
252,221
253,221
254,221
255,221
256,221
257,221
258,221
259,221
260,221
261,221
262,221
263,221
264,221
265,221
266,221
267,221
268,221
269,221
270,221
271,221
272,221
273,221
274,221
275,221
276,221
277,221
278,221
279,221
280,221
281,221
282,221
283,221
284,221
285,221
286,221
287,221
288,221
289,221
290,221
291,221
292,221
293,221
294,221
295,220
296,219
297,218
298,217
299,216
300,215
301,214
302,213
303,212
304,212
305,211
306,211
307,211
308,211
309,211
310,211
311,212
312,213
313,214
314,215
315,216
316,217
317,218
318,219
319,220
320,221
321,222
322,223
323,224
324,225
325,226
326,227
326,228
326,229
326,230
326,231
326,232
326,233
326,234
326,235
327,236
328,237
329,238
330,239
331,240
332,241
333,242
333,243
334,244
335,245
336,246
336,247
336,248
336,249
336,250
336,251
336,252
336,253
336,254
336,255
336,256
336,257
336,258
336,259
336,260
336,261
336,262
336,263
336,264
336,265
337,266
337,267
337,268
337,269
337,270
337,271
337,272
337,273
337,274
337,275
337,276
337,277
337,278
337,279
337,280
337,281
337,282
337,283
337,284
337,285
337,286
337,287
337,288
337,289
337,290
337,291
337,292
337,293
337,294
337,295
338,296
339,297
340,298
341,299
342,300
343,301
344,302
345,303
346,304
347,305
348,306
349,307
350,308
351,309
352,310
353,311
354,312
355,313
356,314
357,315
358,316
359,317
360,318
361,319
362,320
363,321
364,322
365,323
366,324
367,325
368,326
369,327
370,328
371,329
372,330
373,331
374,332
375,333
376,334
377,335
378,336
379,337
380,338
381,339
382,340
383,341
384,342
385,343
386,344
387,345
388,346
389,347
390,348
391,349
392,350
393,351
394,352
395,353
396,354
397,355
398,356
399,357
400,358
401,359
402,360
403,361
404,362
405,363
406,364
407,365
408,366
409,367
410,368
411,369
412,370
413,371
414,372
415,373
416,374
417,375
418,376
419,377
420,378
421,379
422,380
423,381
424,382
425,383
426,384
427,385
428,386
429,387
430,388
431,389
432,390
433,391
434,392
435,393
436,394
437,395
438,396
439,397
440,398
441,399
442,400
442,401
443,402
443,403
443,404
443,405
443,406
443,407
443,408
443,409
443,410
443,411
443,412
443,413
443,414
443,415
443,416
443,417
444,418
445,419
445,420
445,421
445,422
445,423
445,424
445,425
445,426
445,427
445,428
445,429
445,430
445,431
445,432
445,433
445,434
445,435
445,436
445,437
445,438
445,439
445,440
445,441
445,442
445,443
445,444
445,445
445,446
445,447
445,448
445,449
445,450
445,451
445,452
445,453
445,454
445,455
445,456
445,457
445,458
445,459
445,460
446,461
447,462
448,463
449,464
450,465
451,466
452,467
453,468
454,469
454,470
454,471
454,472
454,473
454,474
454,475
454,476
454,477
454,478
454,479
454,480
454,481
454,482
454,483
454,484
454,485
454,486
454,487
454,488
454,489
454,490
454,491
454,492
454,493
455,494
456,495
457,496
458,497
459,498
460,499
171,0
171,1
171,2
171,3
171,4
171,5
171,6
171,7
171,8
171,9
171,10
171,11
171,12
171,13
171,14
171,15
171,16
171,17
171,18
171,19
170,20
169,21
168,22
167,23
166,24
165,25
164,26
163,27
162,27
161,28
160,28
159,29
158,29
157,29
156,29
155,29
154,29
153,29
152,29
151,29
150,29
149,29
148,29
147,29
146,29
145,29
144,29
143,29
142,29
141,29
140,29
139,30
138,31
137,32
136,33
135,34
134,35
133,36
132,37
131,38
130,39
129,40
128,41
127,42
126,43
125,44
124,45
123,46
122,47
122,48
122,49
122,50
122,51
122,52
122,53
122,54
122,55
122,56
122,57
122,58
122,59
122,60
122,61
122,62
122,63
122,64
122,65
122,66
122,67
122,68
122,69
122,70
122,71
122,72
122,73
122,74
122,75
122,76
122,77
122,78
122,79
122,80
122,81
122,82
122,83
122,84
122,85
122,86
122,87
122,88
122,89
122,90
122,91
122,92
122,93
122,94
122,95
122,96
122,97
122,98
122,99
122,100
122,101
122,102
122,103
122,104
122,105
122,106
122,107
122,108
122,109
122,110
122,111
122,112
122,113
122,114
122,115
122,116
121,117
120,118
119,119
118,120
117,121
116,122
115,123
114,124
113,125
112,126
111,127
110,128
109,129
108,130
107,131
106,132
106,133
105,134
105,135
105,136
105,137
104,138
103,139
102,140
101,141
100,142
99,143
98,144
97,145
96,146
95,147
94,148
93,149
92,150
91,151
90,152
90,153
89,154
88,155
87,156
87,157
86,158
86,159
86,160
86,161
86,162
86,163
86,164
86,165
86,166
86,167
86,168
86,169
86,170
86,171
86,172
86,173
86,174
86,175
86,176
86,177
86,178
86,179
86,180
86,181
86,182
86,183
86,184
86,185
86,186
86,187
86,188
86,189
86,190
86,191
86,192
86,193
86,194
86,195
86,196
86,197
86,198
86,199
86,200
86,201
86,202
86,203
86,204
86,205
86,206
86,207
86,208
86,209
86,210
86,211
86,212
86,213
86,214
86,215
86,216
86,217
86,218
86,219
86,220
86,221
86,222
86,223
86,224
86,225
86,226
86,227
87,228
88,229
89,230
90,231
91,232
92,233
93,234
94,235
95,236
96,237
97,237
98,238
99,238
100,238
101,239
102,239
103,239
104,239
105,239
106,239
107,239
108,239
109,239
110,239
111,239
112,239
113,239
114,239
115,239
116,239
117,239
118,239
119,239
120,239
121,239
122,239
123,239
124,239
125,239
126,239
127,239
128,239
129,239
130,239
131,239
132,239
133,239
134,239
135,239
136,239
137,239
138,239
139,239
140,239
141,239
142,239
143,239
144,239
145,239
146,239
147,239
148,239
149,239
150,239
151,239
152,239
153,239
154,239
155,239
156,239
157,239
158,239
159,239
160,239
161,239
162,239
163,239
164,239
165,239
166,239
167,239
168,239
169,239
170,239
171,239
172,239
173,239
174,239
175,239
176,239
177,239
178,239
179,239
180,239
181,239
182,240
183,240
184,240
185,240
186,240
187,240
188,240
189,240
190,240
191,240
192,240
193,240
194,240
195,240
196,240
197,240
198,240
199,240
200,240
201,240
202,240
203,240
204,240
205,240
206,240
207,239
208,238
209,237
210,236
211,235
212,234
213,233
214,232
215,231
216,230
217,229
218,229
219,229
220,229
221,228
222,228
223,227
224,226
225,225
226,224
227,223
228,222
229,222
230,221
231,221
232,221
233,221
234,221
235,221
236,221
237,221
238,221
239,221
240,221
241,221
242,221
243,221
244,221
245,221
246,221
247,221
248,221
249,221
250,221
251,221
252,221
253,221
254,221
255,221
256,221
257,221
258,221
259,221
260,221
261,221
262,221
263,221
264,221
265,221
266,221
267,221
268,221
269,221
270,221
271,221
272,221
273,221
274,221
275,221
276,221
277,221
278,221
279,221
280,221
281,221
282,221
283,221
284,221
285,221
286,221
287,221
288,221
289,221
290,221
291,221
292,221
293,221
294,221
295,220
296,219
297,218
298,217
299,216
300,215
301,214
302,213
303,212
304,212
305,211
306,211
307,211
308,211
309,211
310,211
311,212
312,213
313,214
314,215
315,216
316,217
317,218
318,219
319,220
320,221
321,222
322,223
323,224
324,225
325,226
326,227
326,228
326,229
326,230
326,231
326,232
326,233
326,234
326,235
327,236
328,237
329,238
330,239
331,240
332,241
333,242
333,243
334,244
335,245
336,246
336,247
336,248
336,249
336,250
336,251
336,252
336,253
336,254
336,255
336,256
336,257
336,258
336,259
336,260
336,261
336,262
336,263
336,264
336,265
337,266
337,267
337,268
337,269
337,270
337,271
337,272
337,273
337,274
337,275
337,276
337,277
337,278
337,279
337,280
337,281
337,282
337,283
337,284
337,285
337,286
337,287
337,288
337,289
337,290
337,291
337,292
337,293
337,294
337,295
338,296
339,297
340,298
341,299
342,300
343,301
344,302
345,303
346,304
347,305
348,306
349,307
350,308
351,309
352,310
353,311
354,312
355,313
356,314
357,315
358,316
359,317
360,318
361,319
362,320
363,321
364,322
365,323
366,324
367,325
368,326
369,327
370,328
371,329
372,330
373,331
374,332
375,333
376,334
377,335
378,336
379,337
380,338
381,339
382,340
383,341
384,342
385,343
386,344
387,345
388,346
389,347
390,348
391,349
392,350
393,351
394,352
395,353
396,354
397,355
398,356
399,357
400,358
401,359
402,360
403,361
404,362
405,363
406,364
407,365
408,366
409,367
410,368
411,369
412,370
413,371
414,372
415,373
416,374
417,375
418,376
419,377
420,378
421,379
422,380
423,381
424,382
425,383
426,384
427,385
428,386
429,387
430,388
431,389
432,390
433,391
434,392
435,393
436,394
437,395
438,396
439,397
440,398
441,399
442,400
442,401
443,402
443,403
443,404
443,405
443,406
443,407
443,408
443,409
443,410
443,411
443,412
443,413
443,414
443,415
443,416
443,417
444,418
445,419
445,420
445,421
445,422
445,423
445,424
445,425
445,426
445,427
445,428
445,429
445,430
445,431
445,432
445,433
445,434
445,435
445,436
445,437
445,438
445,439
445,440
445,441
445,442
445,443
445,444
445,445
445,446
445,447
445,448
445,449
445,450
445,451
445,452
445,453
445,454
445,455
445,456
445,457
445,458
445,459
445,460
446,461
447,462
448,463
449,464
450,465
451,466
452,467
453,468
454,469
454,470
454,471
454,472
454,473
454,474
454,475
454,476
454,477
454,478
454,479
454,480
454,481
454,482
454,483
454,484
454,485
454,486
454,487
454,488
454,489
454,490
454,491
454,492
454,493
455,494
456,495
457,496
458,497
459,498
460,499
171,0
171,1
171,2
171,3
171,4
171,5
171,6
171,7
171,8
171,9
171,10
171,11
171,12
171,13
171,14
171,15
171,16
171,17
171,18
171,19
170,20
169,21
168,22
167,23
166,24
165,25
164,26
163,27
162,27
161,28
160,28
159,29
158,29
157,29
156,29
155,29
154,29
153,29
152,29
151,29
150,29
149,29
148,29
147,29
146,29
145,29
144,29
143,29
142,29
141,29
140,29
139,30
138,31
137,32
136,33
135,34
134,35
133,36
132,37
131,38
130,39
129,40
128,41
127,42
126,43
125,44
124,45
123,46
122,47
122,48
122,49
122,50
122,51
122,52
122,53
122,54
122,55
122,56
122,57
122,58
122,59
122,60
122,61
122,62
122,63
122,64
122,65
122,66
122,67
122,68
122,69
122,70
122,71
122,72
122,73
122,74
122,75
122,76
122,77
122,78
122,79
122,80
122,81
122,82
122,83
122,84
122,85
122,86
122,87
122,88
122,89
122,90
122,91
122,92
122,93
122,94
122,95
122,96
122,97
122,98
122,99
122,100
122,101
122,102
122,103
122,104
122,105
122,106
122,107
122,108
122,109
122,110
122,111
122,112
122,113
122,114
122,115
122,116
121,117
120,118
119,119
118,120
117,121
116,122
115,123
114,124
113,125
112,126
111,127
110,128
109,129
108,130
107,131
106,132
106,133
105,134
105,135
105,136
105,137
104,138
103,139
102,140
101,141
100,142
99,143
98,144
97,145
96,146
95,147
94,148
93,149
92,150
91,151
90,152
90,153
89,154
88,155
87,156
87,157
86,158
86,159
86,160
86,161
86,162
86,163
86,164
86,165
86,166
86,167
86,168
86,169
86,170
86,171
86,172
86,173
86,174
86,175
86,176
86,177
86,178
86,179
86,180
86,181
86,182
86,183
86,184
86,185
86,186
86,187
86,188
86,189
86,190
86,191
86,192
86,193
86,194
86,195
86,196
86,197
86,198
86,199
86,200
86,201
86,202
86,203
86,204
86,205
86,206
86,207
86,208
86,209
86,210
86,211
86,212
86,213
86,214
86,215
86,216
86,217
86,218
86,219
86,220
86,221
86,222
86,223
86,224
86,225
86,226
86,227
87,228
88,229
89,230
90,231
91,232
92,233
93,234
94,235
95,236
96,237
97,237
98,238
99,238
100,238
101,239
102,239
103,239
104,239
105,239
106,239
107,239
108,239
109,239
110,239
111,239
112,239
113,239
114,239
115,239
116,239
117,239
118,239
119,239
120,239
121,239
122,239
123,239
124,239
125,239
126,239
127,239
128,239
129,239
130,239
131,239
132,239
133,239
134,239
135,239
136,239
137,239
138,239
139,239
140,239
141,239
142,239
143,239
144,239
145,239
146,239
147,239
148,239
149,239
150,239
151,239
152,239
153,239
154,239
155,239
156,239
157,239
158,239
159,239
160,239
161,239
162,239
163,239
164,239
165,239
166,239
167,239
168,239
169,239
170,239
171,239
172,239
173,239
174,239
175,239
176,239
177,239
178,239
179,239
180,239
181,239
182,240
183,240
184,240
185,240
186,240
187,240
188,240
189,240
190,240
191,240
192,240
193,240
194,240
195,240
196,240
197,240
198,240
199,240
200,240
201,240
202,240
203,240
204,240
205,240
206,240
207,239
208,238
209,237
210,236
211,235
212,234
213,233
214,232
215,231
216,230
217,229
218,229
219,229
220,229
221,228
222,228
223,227
224,226
225,225
226,224
227,223
228,222
229,222
230,221
231,221
232,221
233,221
234,221
235,221
236,221
237,221
238,221
239,221
240,221
241,221
242,221
243,221
244,221
245,221
246,221
247,221
248,221
249,221
250,221
251,221
252,221
253,221
254,221
255,221
256,221
257,221
258,221
259,221
260,221
261,221
262,221
263,221
264,221
265,221
266,221
267,221
268,221
269,221
270,221
271,221
272,221
273,221
274,221
275,221
276,221
277,221
278,221
279,221
280,221
281,221
282,221
283,221
284,221
285,221
286,221
287,221
288,221
289,221
290,221
291,221
292,221
293,221
294,221
295,220
296,219
297,218
298,217
299,216
300,215
301,214
302,213
303,212
304,212
305,211
306,211
307,211
308,211
309,211
310,211
311,212
312,213
313,214
314,215
315,216
316,217
317,218
318,219
319,220
320,221
321,222
322,223
323,224
324,225
325,226
326,227
326,228
326,229
326,230
326,231
326,232
326,233
326,234
326,235
327,236
328,237
329,238
330,239
331,240
332,241
333,242
333,243
334,244
335,245
336,246
336,247
336,248
336,249
336,250
336,251
336,252
336,253
336,254
336,255
336,256
336,257
336,258
336,259
336,260
336,261
336,262
336,263
336,264
336,265
337,266
337,267
337,268
337,269
337,270
337,271
337,272
337,273
337,274
337,275
337,276
337,277
337,278
337,279
337,280
337,281
337,282
337,283
337,284
337,285
337,286
337,287
337,288
337,289
337,290
337,291
337,292
337,293
337,294
337,295
338,296
339,297
340,298
341,299
342,300
343,301
344,302
345,303
346,304
347,305
348,306
349,307
350,308
351,309
352,310
353,311
354,312
355,313
356,314
357,315
358,316
359,317
360,318
361,319
362,320
363,321
364,322
365,323
366,324
367,325
368,326
369,327
370,328
371,329
372,330
373,331
374,332
375,333
376,334
377,335
378,336
379,337
380,338
381,339
382,340
383,341
384,342
385,343
386,344
387,345
388,346
389,347
390,348
391,349
392,350
393,351
394,352
395,353
396,354
397,355
398,356
399,357
400,358
401,359
402,360
403,361
404,362
405,363
406,364
407,365
408,366
409,367
410,368
411,369
412,370
413,371
414,372
415,373
416,374
417,375
418,376
419,377
420,378
421,379
422,380
423,381
424,382
425,383
426,384
427,385
428,386
429,387
430,388
431,389
432,390
433,391
434,392
435,393
436,394
437,395
438,396
439,397
440,398
441,399
442,400
442,401
443,402
443,403
443,404
443,405
443,406
443,407
443,408
443,409
443,410
443,411
443,412
443,413
443,414
443,415
443,416
443,417
444,418
445,419
445,420
445,421
445,422
445,423
445,424
445,425
445,426
445,427
445,428
445,429
445,430
445,431
445,432
445,433
445,434
445,435
445,436
445,437
445,438
445,439
445,440
445,441
445,442
445,443
445,444
445,445
445,446
445,447
445,448
445,449
445,450
445,451
445,452
445,453
445,454
445,455
445,456
445,457
445,458
445,459
445,460
446,461
447,462
448,463
449,464
450,465
451,466
452,467
453,468
454,469
454,470
454,471
454,472
454,473
454,474
454,475
454,476
454,477
454,478
454,479
454,480
454,481
454,482
454,483
454,484
454,485
454,486
454,487
454,488
454,489
454,490
454,491
454,492
454,493
455,494
456,495
457,496
458,497
459,498
460,499
171,0
171,1
171,2
171,3
171,4
171,5
171,6
171,7
171,8
171,9
171,10
171,11
171,12
171,13
171,14
171,15
171,16
171,17
171,18
171,19
170,20
169,21
168,22
167,23
166,24
165,25
164,26
163,27
162,27
161,28
160,28
159,29
158,29
157,29
156,29
155,29
154,29
153,29
152,29
151,29
150,29
149,29
148,29
147,29
146,29
145,29
144,29
143,29
142,29
141,29
140,29
139,30
138,31
137,32
136,33
135,34
134,35
133,36
132,37
131,38
130,39
129,40
128,41
127,42
126,43
125,44
124,45
123,46
122,47
122,48
122,49
122,50
122,51
122,52
122,53
122,54
122,55
122,56
122,57
122,58
122,59
122,60
122,61
122,62
122,63
122,64
122,65
122,66
122,67
122,68
122,69
122,70
122,71
122,72
122,73
122,74
122,75
122,76
122,77
122,78
122,79
122,80
122,81
122,82
122,83
122,84
122,85
122,86
122,87
122,88
122,89
122,90
122,91
122,92
122,93
122,94
122,95
122,96
122,97
122,98
122,99
122,100
122,101
122,102
122,103
122,104
122,105
122,106
122,107
122,108
122,109
122,110
122,111
122,112
122,113
122,114
122,115
122,116
121,117
120,118
119,119
118,120
117,121
116,122
115,123
114,124
113,125
112,126
111,127
110,128
109,129
108,130
107,131
106,132
106,133
105,134
105,135
105,136
105,137
104,138
103,139
102,140
101,141
100,142
99,143
98,144
97,145
96,146
95,147
94,148
93,149
92,150
91,151
90,152
90,153
89,154
88,155
87,156
87,157
86,158
86,159
86,160
86,161
86,162
86,163
86,164
86,165
86,166
86,167
86,168
86,169
86,170
86,171
86,172
86,173
86,174
86,175
86,176
86,177
86,178
86,179
86,180
86,181
86,182
86,183
86,184
86,185
86,186
86,187
86,188
86,189
86,190
86,191
86,192
86,193
86,194
86,195
86,196
86,197
86,198
86,199
86,200
86,201
86,202
86,203
86,204
86,205
86,206
86,207
86,208
86,209
86,210
86,211
86,212
86,213
86,214
86,215
86,216
86,217
86,218
86,219
86,220
86,221
86,222
86,223
86,224
86,225
86,226
86,227
87,228
88,229
89,230
90,231
91,232
92,233
93,234
94,235
95,236
96,237
97,237
98,238
99,238
100,238
101,239
102,239
103,239
104,239
105,239
106,239
107,239
108,239
109,239
110,239
111,239
112,239
113,239
114,239
115,239
116,239
117,239
118,239
119,239
120,239
121,239
122,239
123,239
124,239
125,239
126,239
127,239
128,239
129,239
130,239
131,239
132,239
133,239
134,239
135,239
136,239
137,239
138,239
139,239
140,239
141,239
142,239
143,239
144,239
145,239
146,239
147,239
148,239
149,239
150,239
151,239
152,239
153,239
154,239
155,239
156,239
157,239
158,239
159,239
160,239
161,239
162,239
163,239
164,239
165,239
166,239
167,239
168,239
169,239
170,239
171,239
172,239
173,239
174,239
175,239
176,239
177,239
178,239
179,239
180,239
181,239
182,240
183,240
184,240
185,240
186,240
187,240
188,240
189,240
190,240
191,240
192,240
193,240
194,240
195,240
196,240
197,240
198,240
199,240
200,240
201,240
202,240
203,240
204,240
205,240
206,240
207,239
208,238
209,237
210,236
211,235
212,234
213,233
214,232
215,231
216,230
217,229
218,229
219,229
220,229
221,228
222,228
223,227
224,226
225,225
226,224
227,223
228,222
229,222
230,221
231,221
232,221
233,221
234,221
235,221
236,221
237,221
238,221
239,221
240,221
241,221
242,221
243,221
244,221
245,221
246,221
247,221
248,221
249,221
250,221
251,221
252,221
253,221
254,221
255,221
256,221
257,221
258,221
259,221
260,221
261,221
262,221
263,221
264,221
265,221
266,221
267,221
268,221
269,221
270,221
271,221
272,221
273,221
274,221
275,221
276,221
277,221
278,221
279,221
280,221
281,221
282,221
283,221
284,221
285,221
286,221
287,221
288,221
289,221
290,221
291,221
292,221
293,221
294,221
295,220
296,219
297,218
298,217
299,216
300,215
301,214
302,213
303,212
304,212
305,211
306,211
307,211
308,211
309,211
310,211
311,212
312,213
313,214
314,215
315,216
316,217
317,218
318,219
319,220
320,221
321,222
322,223
323,224
324,225
325,226
326,227
326,228
326,229
326,230
326,231
326,232
326,233
326,234
326,235
327,236
328,237
329,238
330,239
331,240
332,241
333,242
333,243
334,244
335,245
336,246
336,247
336,248
336,249
336,250
336,251
336,252
336,253
336,254
336,255
336,256
336,257
336,258
336,259
336,260
336,261
336,262
336,263
336,264
336,265
337,266
337,267
337,268
337,269
337,270
337,271
337,272
337,273
337,274
337,275
337,276
337,277
337,278
337,279
337,280
337,281
337,282
337,283
337,284
337,285
337,286
337,287
337,288
337,289
337,290
337,291
337,292
337,293
337,294
337,295
338,296
339,297
340,298
341,299
342,300
343,301
344,302
345,303
346,304
347,305
348,306
349,307
350,308
351,309
352,310
353,311
354,312
355,313
356,314
357,315
358,316
359,317
360,318
361,319
362,320
363,321
364,322
365,323
366,324
367,325
368,326
369,327
370,328
371,329
372,330
373,331
374,332
375,333
376,334
377,335
378,336
379,337
380,338
381,339
382,340
383,341
384,342
385,343
386,344
387,345
388,346
389,347
390,348
391,349
392,350
393,351
394,352
395,353
396,354
397,355
398,356
399,357
400,358
401,359
402,360
403,361
404,362
405,363
406,364
407,365
408,366
409,367
410,368
411,369
412,370
413,371
414,372
415,373
416,374
417,375
418,376
419,377
420,378
421,379
422,380
423,381
424,382
425,383
426,384
427,385
428,386
429,387
430,388
431,389
432,390
433,391
434,392
435,393
436,394
437,395
438,396
439,397
440,398
441,399
442,400
442,401
443,402
443,403
443,404
443,405
443,406
443,407
443,408
443,409
443,410
443,411
443,412
443,413
443,414
443,415
443,416
443,417
444,418
445,419
445,420
445,421
445,422
445,423
445,424
445,425
445,426
445,427
445,428
445,429
445,430
445,431
445,432
445,433
445,434
445,435
445,436
445,437
445,438
445,439
445,440
445,441
445,442
445,443
445,444
445,445
445,446
445,447
445,448
445,449
445,450
445,451
445,452
445,453
445,454
445,455
445,456
445,457
445,458
445,459
445,460
446,461
447,462
448,463
449,464
450,465
451,466
452,467
453,468
454,469
454,470
454,471
454,472
454,473
454,474
454,475
454,476
454,477
454,478
454,479
454,480
454,481
454,482
454,483
454,484
454,485
454,486
454,487
454,488
454,489
454,490
454,491
454,492
454,493
455,494
456,495
457,496
458,497
459,498
460,499
171,0
171,1
171,2
171,3
171,4
171,5
171,6
171,7
171,8
171,9
171,10
171,11
171,12
171,13
171,14
171,15
171,16
171,17
171,18
171,19
170,20
169,21
168,22
167,23
166,24
165,25
164,26
163,27
162,27
161,28
160,28
159,29
158,29
157,29
156,29
155,29
154,29
153,29
152,29
151,29
150,29
149,29
148,29
147,29
146,29
145,29
144,29
143,29
142,29
141,29
140,29
139,30
138,31
137,32
136,33
135,34
134,35
133,36
132,37
131,38
130,39
129,40
128,41
127,42
126,43
125,44
124,45
123,46
122,47
122,48
122,49
122,50
122,51
122,52
122,53
122,54
122,55
122,56
122,57
122,58
122,59
122,60
122,61
122,62
122,63
122,64
122,65
122,66
122,67
122,68
122,69
122,70
122,71
122,72
122,73
122,74
122,75
122,76
122,77
122,78
122,79
122,80
122,81
122,82
122,83
122,84
122,85
122,86
122,87
122,88
122,89
122,90
122,91
122,92
122,93
122,94
122,95
122,96
122,97
122,98
122,99
122,100
122,101
122,102
122,103
122,104
122,105
122,106
122,107
122,108
122,109
122,110
122,111
122,112
122,113
122,114
122,115
122,116
121,117
120,118
119,119
118,120
117,121
116,122
115,123
114,124
113,125
112,126
111,127
110,128
109,129
108,130
107,131
106,132
106,133
105,134
105,135
105,136
105,137
104,138
103,139
102,140
101,141
100,142
99,143
98,144
97,145
96,146
95,147
94,148
93,149
92,150
91,151
90,152
90,153
89,154
88,155
87,156
87,157
86,158
86,159
86,160
86,161
86,162
86,163
86,164
86,165
86,166
86,167
86,168
86,169
86,170
86,171
86,172
86,173
86,174
86,175
86,176
86,177
86,178
86,179
86,180
86,181
86,182
86,183
86,184
86,185
86,186
86,187
86,188
86,189
86,190
86,191
86,192
86,193
86,194
86,195
86,196
86,197
86,198
86,199
86,200
86,201
86,202
86,203
86,204
86,205
86,206
86,207
86,208
86,209
86,210
86,211
86,212
86,213
86,214
86,215
86,216
86,217
86,218
86,219
86,220
86,221
86,222
86,223
86,224
86,225
86,226
86,227
87,228
88,229
89,230
90,231
91,232
92,233
93,234
94,235
95,236
96,237
97,237
98,238
99,238
100,238
101,239
102,239
103,239
104,239
105,239
106,239
107,239
108,239
109,239
110,239
111,239
112,239
113,239
114,239
115,239
116,239
117,239
118,239
119,239
120,239
121,239
122,239
123,239
124,239
125,239
126,239
127,239
128,239
129,239
130,239
131,239
132,239
133,239
134,239
135,239
136,239
137,239
138,239
139,239
140,239
141,239
142,239
143,239
144,239
145,239
146,239
147,239
148,239
149,239
150,239
151,239
152,239
153,239
154,239
155,239
156,239
157,239
158,239
159,239
160,239
161,239
162,239
163,239
164,239
165,239
166,239
167,239
168,239
169,239
170,239
171,239
172,239
173,239
174,239
175,239
176,239
177,239
178,239
179,239
180,239
181,239
182,240
183,240
184,240
185,240
186,240
187,240
188,240
189,240
190,240
191,240
192,240
193,240
194,240
195,240
196,240
197,240
198,240
199,240
200,240
201,240
202,240
203,240
204,240
205,240
206,240
207,239
208,238
209,237
210,236
211,235
212,234
213,233
214,232
215,231
216,230
217,229
218,229
219,229
220,229
221,228
222,228
223,227
224,226
225,225
226,224
227,223
228,222
229,222
230,221
231,221
232,221
233,221
234,221
235,221
236,221
237,221
238,221
239,221
240,221
241,221
242,221
243,221
244,221
245,221
246,221
247,221
248,221
249,221
250,221
251,221
252,221
253,221
254,221
255,221
256,221
257,221
258,221
259,221
260,221
261,221
262,221
263,221
264,221
265,221
266,221
267,221
268,221
269,221
270,221
271,221
272,221
273,221
274,221
275,221
276,221
277,221
278,221
279,221
280,221
281,221
282,221
283,221
284,221
285,221
286,221
287,221
288,221
289,221
290,221
291,221
292,221
293,221
294,221
295,220
296,219
297,218
298,217
299,216
300,215
301,214
302,213
303,212
304,212
305,211
306,211
307,211
308,211
309,211
310,211
311,212
312,213
313,214
314,215
315,216
316,217
317,218
318,219
319,220
320,221
321,222
322,223
323,224
324,225
325,226
326,227
326,228
326,229
326,230
326,231
326,232
326,233
326,234
326,235
327,236
328,237
329,238
330,239
331,240
332,241
333,242
333,243
334,244
335,245
336,246
336,247
336,248
336,249
336,250
336,251
336,252
336,253
336,254
336,255
336,256
336,257
336,258
336,259
336,260
336,261
336,262
336,263
336,264
336,265
337,266
337,267
337,268
337,269
337,270
337,271
337,272
337,273
337,274
337,275
337,276
337,277
337,278
337,279
337,280
337,281
337,282
337,283
337,284
337,285
337,286
337,287
337,288
337,289
337,290
337,291
337,292
337,293
337,294
337,295
338,296
339,297
340,298
341,299
342,300
343,301
344,302
345,303
346,304
347,305
348,306
349,307
350,308
351,309
352,310
353,311
354,312
355,313
356,314
357,315
358,316
359,317
360,318
361,319
362,320
363,321
364,322
365,323
366,324
367,325
368,326
369,327
370,328
371,329
372,330
373,331
374,332
375,333
376,334
377,335
378,336
379,337
380,338
381,339
382,340
383,341
384,342
385,343
386,344
387,345
388,346
389,347
390,348
391,349
392,350
393,351
394,352
395,353
396,354
397,355
398,356
399,357
400,358
401,359
402,360
403,361
404,362
405,363
406,364
407,365
408,366
409,367
410,368
411,369
412,370
413,371
414,372
415,373
416,374
417,375
418,376
419,377
420,378
421,379
422,380
423,381
424,382
425,383
426,384
427,385
428,386
429,387
430,388
431,389
432,390
433,391
434,392
435,393
436,394
437,395
438,396
439,397
440,398
441,399
442,400
442,401
443,402
443,403
443,404
443,405
443,406
443,407
443,408
443,409
443,410
443,411
443,412
443,413
443,414
443,415
443,416
443,417
444,418
445,419
445,420
445,421
445,422
445,423
445,424
445,425
445,426
445,427
445,428
445,429
445,430
445,431
445,432
445,433
445,434
445,435
445,436
445,437
445,438
445,439
445,440
445,441
445,442
445,443
445,444
445,445
445,446
445,447
445,448
445,449
445,450
445,451
445,452
445,453
445,454
445,455
445,456
445,457
445,458
445,459
445,460
446,461
447,462
448,463
449,464
450,465
451,466
452,467
453,468
454,469
454,470
454,471
454,472
454,473
454,474
454,475
454,476
454,477
454,478
454,479
454,480
454,481
454,482
454,483
454,484
454,485
454,486
454,487
454,488
454,489
454,490
454,491
454,492
454,493
455,494
456,495
457,496
458,497
459,498
460,499
171,0
171,1
171,2
171,3
171,4
171,5
171,6
171,7
171,8
171,9
171,10
171,11
171,12
171,13
171,14
171,15
171,16
171,17
171,18
171,19
170,20
169,21
168,22
167,23
166,24
165,25
164,26
163,27
162,27
161,28
160,28
159,29
158,29
157,29
156,29
155,29
154,29
153,29
152,29
151,29
150,29
149,29
148,29
147,29
146,29
145,29
144,29
143,29
142,29
141,29
140,29
139,30
138,31
137,32
136,33
135,34
134,35
133,36
132,37
131,38
130,39
129,40
128,41
127,42
126,43
125,44
124,45
123,46
122,47
122,48
122,49
122,50
122,51
122,52
122,53
122,54
122,55
122,56
122,57
122,58
122,59
122,60
122,61
122,62
122,63
122,64
122,65
122,66
122,67
122,68
122,69
122,70
122,71
122,72
122,73
122,74
122,75
122,76
122,77
122,78
122,79
122,80
122,81
122,82
122,83
122,84
122,85
122,86
122,87
122,88
122,89
122,90
122,91
122,92
122,93
122,94
122,95
122,96
122,97
122,98
122,99
122,100
122,101
122,102
122,103
122,104
122,105
122,106
122,107
122,108
122,109
122,110
122,111
122,112
122,113
122,114
122,115
122,116
121,117
120,118
119,119
118,120
117,121
116,122
115,123
114,124
113,125
112,126
111,127
110,128
109,129
108,130
107,131
106,132
106,133
105,134
105,135
105,136
105,137
104,138
103,139
102,140
101,141
100,142
99,143
98,144
97,145
96,146
95,147
94,148
93,149
92,150
91,151
90,152
90,153
89,154
88,155
87,156
87,157
86,158
86,159
86,160
86,161
86,162
86,163
86,164
86,165
86,166
86,167
86,168
86,169
86,170
86,171
86,172
86,173
86,174
86,175
86,176
86,177
86,178
86,179
86,180
86,181
86,182
86,183
86,184
86,185
86,186
86,187
86,188
86,189
86,190
86,191
86,192
86,193
86,194
86,195
86,196
86,197
86,198
86,199
86,200
86,201
86,202
86,203
86,204
86,205
86,206
86,207
86,208
86,209
86,210
86,211
86,212
86,213
86,214
86,215
86,216
86,217
86,218
86,219
86,220
86,221
86,222
86,223
86,224
86,225
86,226
86,227
87,228
88,229
89,230
90,231
91,232
92,233
93,234
94,235
95,236
96,237
97,237
98,238
99,238
100,238
101,239
102,239
103,239
104,239
105,239
106,239
107,239
108,239
109,239
110,239
111,239
112,239
113,239
114,239
115,239
116,239
117,239
118,239
119,239
120,239
121,239
122,239
123,239
124,239
125,239
126,239
127,239
128,239
129,239
130,239
131,239
132,239
133,239
134,239
135,239
136,239
137,239
138,239
139,239
140,239
141,239
142,239
143,239
144,239
145,239
146,239
147,239
148,239
149,239
150,239
151,239
152,239
153,239
154,239
155,239
156,239
157,239
158,239
159,239
160,239
161,239
162,239
163,239
164,239
165,239
166,239
167,239
168,239
169,239
170,239
171,239
172,239
173,239
174,239
175,239
176,239
177,239
178,239
179,239
180,239
181,239
182,240
183,240
184,240
185,240
186,240
187,240
188,240
189,240
190,240
191,240
192,240
193,240
194,240
195,240
196,240
197,240
198,240
199,240
200,240
201,240
202,240
203,240
204,240
205,240
206,240
207,239
208,238
209,237
210,236
211,235
212,234
213,233
214,232
215,231
216,230
217,229
218,229
219,229
220,229
221,228
222,228
223,227
224,226
225,225
226,224
227,223
228,222
229,222
230,221
231,221
232,221
233,221
234,221
235,221
236,221
237,221
238,221
239,221
240,221
241,221
242,221
243,221
244,221
245,221
246,221
247,221
248,221
249,221
250,221
251,221
252,221
253,221
254,221
255,221
256,221
257,221
258,221
259,221
260,221
261,221
262,221
263,221
264,221
265,221
266,221
267,221
268,221
269,221
270,221
271,221
272,221
273,221
274,221
275,221
276,221
277,221
278,221
279,221
280,221
281,221
282,221
283,221
284,221
285,221
286,221
287,221
288,221
289,221
290,221
291,221
292,221
293,221
294,221
295,220
296,219
297,218
298,217
299,216
300,215
301,214
302,213
303,212
304,212
305,211
306,211
307,211
308,211
309,211
310,211
311,212
312,213
313,214
314,215
315,216
316,217
317,218
318,219
319,220
320,221
321,222
322,223
323,224
324,225
325,226
326,227
326,228
326,229
326,230
326,231
326,232
326,233
326,234
326,235
327,236
328,237
329,238
330,239
331,240
332,241
333,242
333,243
334,244
335,245
336,246
336,247
336,248
336,249
336,250
336,251
336,252
336,253
336,254
336,255
336,256
336,257
336,258
336,259
336,260
336,261
336,262
336,263
336,264
336,265
337,266
337,267
337,268
337,269
337,270
337,271
337,272
337,273
337,274
337,275
337,276
337,277
337,278
337,279
337,280
337,281
337,282
337,283
337,284
337,285
337,286
337,287
337,288
337,289
337,290
337,291
337,292
337,293
337,294
337,295
338,296
339,297
340,298
341,299
342,300
343,301
344,302
345,303
346,304
347,305
348,306
349,307
350,308
351,309
352,310
353,311
354,312
355,313
356,314
357,315
358,316
359,317
360,318
361,319
362,320
363,321
364,322
365,323
366,324
367,325
368,326
369,327
370,328
371,329
372,330
373,331
374,332
375,333
376,334
377,335
378,336
379,337
380,338
381,339
382,340
383,341
384,342
385,343
386,344
387,345
388,346
389,347
390,348
391,349
392,350
393,351
394,352
395,353
396,354
397,355
398,356
399,357
400,358
401,359
402,360
403,361
404,362
405,363
406,364
407,365
408,366
409,367
410,368
411,369
412,370
413,371
414,372
415,373
416,374
417,375
418,376
419,377
420,378
421,379
422,380
423,381
424,382
425,383
426,384
427,385
428,386
429,387
430,388
431,389
432,390
433,391
434,392
435,393
436,394
437,395
438,396
439,397
440,398
441,399
442,400
442,401
443,402
443,403
443,404
443,405
443,406
443,407
443,408
443,409
443,410
443,411
443,412
443,413
443,414
443,415
443,416
443,417
444,418
445,419
445,420
445,421
445,422
445,423
445,424
445,425
445,426
445,427
445,428
445,429
445,430
445,431
445,432
445,433
445,434
445,435
445,436
445,437
445,438
445,439
445,440
445,441
445,442
445,443
445,444
445,445
445,446
445,447
445,448
445,449
445,450
445,451
445,452
445,453
445,454
445,455
445,456
445,457
445,458
445,459
445,460
446,461
447,462
448,463
449,464
450,465
451,466
452,467
453,468
454,469
454,470
454,471
454,472
454,473
454,474
454,475
454,476
454,477
454,478
454,479
454,480
454,481
454,482
454,483
454,484
454,485
454,486
454,487
454,488
454,489
454,490
454,491
454,492
454,493
455,494
456,495
457,496
458,497
459,498
460,499
171,0
171,1
171,2
171,3
171,4
171,5
171,6
171,7
171,8
171,9
171,10
171,11
171,12
171,13
171,14
171,15
171,16
171,17
171,18
171,19
170,20
169,21
168,22
167,23
166,24
165,25
164,26
163,27
162,27
161,28
160,28
159,29
158,29
157,29
156,29
155,29
154,29
153,29
152,29
151,29
150,29
149,29
148,29
147,29
146,29
145,29
144,29
143,29
142,29
141,29
140,29
139,30
138,31
137,32
136,33
135,34
134,35
133,36
132,37
131,38
130,39
129,40
128,41
127,42
126,43
125,44
124,45
123,46
122,47
122,48
122,49
122,50
122,51
122,52
122,53
122,54
122,55
122,56
122,57
122,58
122,59
122,60
122,61
122,62
122,63
122,64
122,65
122,66
122,67
122,68
122,69
122,70
122,71
122,72
122,73
122,74
122,75
122,76
122,77
122,78
122,79
122,80
122,81
122,82
122,83
122,84
122,85
122,86
122,87
122,88
122,89
122,90
122,91
122,92
122,93
122,94
122,95
122,96
122,97
122,98
122,99
122,100
122,101
122,102
122,103
122,104
122,105
122,106
122,107
122,108
122,109
122,110
122,111
122,112
122,113
122,114
122,115
122,116
121,117
120,118
119,119
118,120
117,121
116,122
115,123
114,124
113,125
112,126
111,127
110,128
109,129
108,130
107,131
106,132
106,133
105,134
105,135
105,136
105,137
104,138
103,139
102,140
101,141
100,142
99,143
98,144
97,145
96,146
95,147
94,148
93,149
92,150
91,151
90,152
90,153
89,154
88,155
87,156
87,157
86,158
86,159
86,160
86,161
86,162
86,163
86,164
86,165
86,166
86,167
86,168
86,169
86,170
86,171
86,172
86,173
86,174
86,175
86,176
86,177
86,178
86,179
86,180
86,181
86,182
86,183
86,184
86,185
86,186
86,187
86,188
86,189
86,190
86,191
86,192
86,193
86,194
86,195
86,196
86,197
86,198
86,199
86,200
86,201
86,202
86,203
86,204
86,205
86,206
86,207
86,208
86,209
86,210
86,211
86,212
86,213
86,214
86,215
86,216
86,217
86,218
86,219
86,220
86,221
86,222
86,223
86,224
86,225
86,226
86,227
87,228
88,229
89,230
90,231
91,232
92,233
93,234
94,235
95,236
96,237
97,237
98,238
99,238
100,238
101,239
102,239
103,239
104,239
105,239
106,239
107,239
108,239
109,239
110,239
111,239
112,239
113,239
114,239
115,239
116,239
117,239
118,239
119,239
120,239
121,239
122,239
123,239
124,239
125,239
126,239
127,239
128,239
129,239
130,239
131,239
132,239
133,239
134,239
135,239
136,239
137,239
138,239
139,239
140,239
141,239
142,239
143,239
144,239
145,239
146,239
147,239
148,239
149,239
150,239
151,239
152,239
153,239
154,239
155,239
156,239
157,239
158,239
159,239
160,239
161,239
162,239
163,239
164,239
165,239
166,239
167,239
168,239
169,239
170,239
171,239
172,239
173,239
174,239
175,239
176,239
177,239
178,239
179,239
180,239
181,239
182,240
183,240
184,240
185,240
186,240
187,240
188,240
189,240
190,240
191,240
192,240
193,240
194,240
195,240
196,240
197,240
198,240
199,240
200,240
201,240
202,240
203,240
204,240
205,240
206,240
207,239
208,238
209,237
210,236
211,235
212,234
213,233
214,232
215,231
216,230
217,229
218,229
219,229
220,229
221,228
222,228
223,227
224,226
225,225
226,224
227,223
228,222
229,222
230,221
231,221
232,221
233,221
234,221
235,221
236,221
237,221
238,221
239,221
240,221
241,221
242,221
243,221
244,221
245,221
246,221
247,221
248,221
249,221
250,221
251,221
252,221
253,221
254,221
255,221
256,221
257,221
258,221
259,221
260,221
261,221
262,221
263,221
264,221
265,221
266,221
267,221
268,221
269,221
270,221
271,221
272,221
273,221
274,221
275,221
276,221
277,221
278,221
279,221
280,221
281,221
282,221
283,221
284,221
285,221
286,221
287,221
288,221
289,221
290,221
291,221
292,221
293,221
294,221
295,220
296,219
297,218
298,217
299,216
300,215
301,214
302,213
303,212
304,212
305,211
306,211
307,211
308,211
309,211
310,211
311,212
312,213
313,214
314,215
315,216
316,217
317,218
318,219
319,220
320,221
321,222
322,223
323,224
324,225
325,226
326,227
326,228
326,229
326,230
326,231
326,232
326,233
326,234
326,235
327,236
328,237
329,238
330,239
331,240
332,241
333,242
333,243
334,244
335,245
336,246
336,247
336,248
336,249
336,250
336,251
336,252
336,253
336,254
336,255
336,256
336,257
336,258
336,259
336,260
336,261
336,262
336,263
336,264
336,265
337,266
337,267
337,268
337,269
337,270
337,271
337,272
337,273
337,274
337,275
337,276
337,277
337,278
337,279
337,280
337,281
337,282
337,283
337,284
337,285
337,286
337,287
337,288
337,289
337,290
337,291
337,292
337,293
337,294
337,295
338,296
339,297
340,298
341,299
342,300
343,301
344,302
345,303
346,304
347,305
348,306
349,307
350,308
351,309
352,310
353,311
354,312
355,313
356,314
357,315
358,316
359,317
360,318
361,319
362,320
363,321
364,322
365,323
366,324
367,325
368,326
369,327
370,328
371,329
372,330
373,331
374,332
375,333
376,334
377,335
378,336
379,337
380,338
381,339
382,340
383,341
384,342
385,343
386,344
387,345
388,346
389,347
390,348
391,349
392,350
393,351
394,352
395,353
396,354
397,355
398,356
399,357
400,358
401,359
402,360
403,361
404,362
405,363
406,364
407,365
408,366
409,367
410,368
411,369
412,370
413,371
414,372
415,373
416,374
417,375
418,376
419,377
420,378
421,379
422,380
423,381
424,382
425,383
426,384
427,385
428,386
429,387
430,388
431,389
432,390
433,391
434,392
435,393
436,394
437,395
438,396
439,397
440,398
441,399
442,400
442,401
443,402
443,403
443,404
443,405
443,406
443,407
443,408
443,409
443,410
443,411
443,412
443,413
443,414
443,415
443,416
443,417
444,418
445,419
445,420
445,421
445,422
445,423
445,424
445,425
445,426
445,427
445,428
445,429
445,430
445,431
445,432
445,433
445,434
445,435
445,436
445,437
445,438
445,439
445,440
445,441
445,442
445,443
445,444
445,445
445,446
445,447
445,448
445,449
445,450
445,451
445,452
445,453
445,454
445,455
445,456
445,457
445,458
445,459
445,460
446,461
447,462
448,463
449,464
450,465
451,466
452,467
453,468
454,469
454,470
454,471
454,472
454,473
454,474
454,475
454,476
454,477
454,478
454,479
454,480
454,481
454,482
454,483
454,484
454,485
454,486
454,487
454,488
454,489
454,490
454,491
454,492
454,493
455,494
456,495
457,496
458,497
459,498
460,499
171,0
171,1
171,2
171,3
171,4
171,5
171,6
171,7
171,8
171,9
171,10
171,11
171,12
171,13
171,14
171,15
171,16
171,17
171,18
171,19
170,20
169,21
168,22
167,23
166,24
165,25
164,26
163,27
162,27
161,28
160,28
159,29
158,29
157,29
156,29
155,29
154,29
153,29
152,29
151,29
150,29
149,29
148,29
147,29
146,29
145,29
144,29
143,29
142,29
141,29
140,29
139,30
138,31
137,32
136,33
135,34
134,35
133,36
132,37
131,38
130,39
129,40
128,41
127,42
126,43
125,44
124,45
123,46
122,47
122,48
122,49
122,50
122,51
122,52
122,53
122,54
122,55
122,56
122,57
122,58
122,59
122,60
122,61
122,62
122,63
122,64
122,65
122,66
122,67
122,68
122,69
122,70
122,71
122,72
122,73
122,74
122,75
122,76
122,77
122,78
122,79
122,80
122,81
122,82
122,83
122,84
122,85
122,86
122,87
122,88
122,89
122,90
122,91
122,92
122,93
122,94
122,95
122,96
122,97
122,98
122,99
122,100
122,101
122,102
122,103
122,104
122,105
122,106
122,107
122,108
122,109
122,110
122,111
122,112
122,113
122,114
122,115
122,116
121,117
120,118
119,119
118,120
117,121
116,122
115,123
114,124
113,125
112,126
111,127
110,128
109,129
108,130
107,131
106,132
106,133
105,134
105,135
105,136
105,137
104,138
103,139
102,140
101,141
100,142
99,143
98,144
97,145
96,146
95,147
94,148
93,149
92,150
91,151
90,152
90,153
89,154
88,155
87,156
87,157
86,158
86,159
86,160
86,161
86,162
86,163
86,164
86,165
86,166
86,167
86,168
86,169
86,170
86,171
86,172
86,173
86,174
86,175
86,176
86,177
86,178
86,179
86,180
86,181
86,182
86,183
86,184
86,185
86,186
86,187
86,188
86,189
86,190
86,191
86,192
86,193
86,194
86,195
86,196
86,197
86,198
86,199
86,200
86,201
86,202
86,203
86,204
86,205
86,206
86,207
86,208
86,209
86,210
86,211
86,212
86,213
86,214
86,215
86,216
86,217
86,218
86,219
86,220
86,221
86,222
86,223
86,224
86,225
86,226
86,227
87,228
88,229
89,230
90,231
91,232
92,233
93,234
94,235
95,236
96,237
97,237
98,238
99,238
100,238
101,239
102,239
103,239
104,239
105,239
106,239
107,239
108,239
109,239
110,239
111,239
112,239
113,239
114,239
115,239
116,239
117,239
118,239
119,239
120,239
121,239
122,239
123,239
124,239
125,239
126,239
127,239
128,239
129,239
130,239
131,239
132,239
133,239
134,239
135,239
136,239
137,239
138,239
139,239
140,239
141,239
142,239
143,239
144,239
145,239
146,239
147,239
148,239
149,239
150,239
151,239
152,239
153,239
154,239
155,239
156,239
157,239
158,239
159,239
160,239
161,239
162,239
163,239
164,239
165,239
166,239
167,239
168,239
169,239
170,239
171,239
172,239
173,239
174,239
175,239
176,239
177,239
178,239
179,239
180,239
181,239
182,240
183,240
184,240
185,240
186,240
187,240
188,240
189,240
190,240
191,240
192,240
193,240
194,240
195,240
196,240
197,240
198,240
199,240
200,240
201,240
202,240
203,240
204,240
205,240
206,240
207,239
208,238
209,237
210,236
211,235
212,234
213,233
214,232
215,231
216,230
217,229
218,229
219,229
220,229
221,228
222,228
223,227
224,226
225,225
226,224
227,223
228,222
229,222
230,221
231,221
232,221
233,221
234,221
235,221
236,221
237,221
238,221
239,221
240,221
241,221
242,221
243,221
244,221
245,221
246,221
247,221
248,221
249,221
250,221
251,221
252,221
253,221
254,221
255,221
256,221
257,221
258,221
259,221
260,221
261,221
262,221
263,221
264,221
265,221
266,221
267,221
268,221
269,221
270,221
271,221
272,221
273,221
274,221
275,221
276,221
277,221
278,221
279,221
280,221
281,221
282,221
283,221
284,221
285,221
286,221
287,221
288,221
289,221
290,221
291,221
292,221
293,221
294,221
295,220
296,219
297,218
298,217
299,216
300,215
301,214
302,213
303,212
304,212
305,211
306,211
307,211
308,211
309,211
310,211
311,212
312,213
313,214
314,215
315,216
316,217
317,218
318,219
319,220
320,221
321,222
322,223
323,224
324,225
325,226
326,227
326,228
326,229
326,230
326,231
326,232
326,233
326,234
326,235
327,236
328,237
329,238
330,239
331,240
332,241
333,242
333,243
334,244
335,245
336,246
336,247
336,248
336,249
336,250
336,251
336,252
336,253
336,254
336,255
336,256
336,257
336,258
336,259
336,260
336,261
336,262
336,263
336,264
336,265
337,266
337,267
337,268
337,269
337,270
337,271
337,272
337,273
337,274
337,275
337,276
337,277
337,278
337,279
337,280
337,281
337,282
337,283
337,284
337,285
337,286
337,287
337,288
337,289
337,290
337,291
337,292
337,293
337,294
337,295
338,296
339,297
340,298
341,299
342,300
343,301
344,302
345,303
346,304
347,305
348,306
349,307
350,308
351,309
352,310
353,311
354,312
355,313
356,314
357,315
358,316
359,317
360,318
361,319
362,320
363,321
364,322
365,323
366,324
367,325
368,326
369,327
370,328
371,329
372,330
373,331
374,332
375,333
376,334
377,335
378,336
379,337
380,338
381,339
382,340
383,341
384,342
385,343
386,344
387,345
388,346
389,347
390,348
391,349
392,350
393,351
394,352
395,353
396,354
397,355
398,356
399,357
400,358
401,359
402,360
403,361
404,362
405,363
406,364
407,365
408,366
409,367
410,368
411,369
412,370
413,371
414,372
415,373
416,374
417,375
418,376
419,377
420,378
421,379
422,380
423,381
424,382
425,383
426,384
427,385
428,386
429,387
430,388
431,389
432,390
433,391
434,392
435,393
436,394
437,395
438,396
439,397
440,398
441,399
442,400
442,401
443,402
443,403
443,404
443,405
443,406
443,407
443,408
443,409
443,410
443,411
443,412
443,413
443,414
443,415
443,416
443,417
444,418
445,419
445,420
445,421
445,422
445,423
445,424
445,425
445,426
445,427
445,428
445,429
445,430
445,431
445,432
445,433
445,434
445,435
445,436
445,437
445,438
445,439
445,440
445,441
445,442
445,443
445,444
445,445
445,446
445,447
445,448
445,449
445,450
445,451
445,452
445,453
445,454
445,455
445,456
445,457
445,458
445,459
445,460
446,461
447,462
448,463
449,464
450,465
451,466
452,467
453,468
454,469
454,470
454,471
454,472
454,473
454,474
454,475
454,476
454,477
454,478
454,479
454,480
454,481
454,482
454,483
454,484
454,485
454,486
454,487
454,488
454,489
454,490
454,491
454,492
454,493
455,494
456,495
457,496
458,497
459,498
460,499
171,0
171,1
171,2
171,3
171,4
171,5
171,6
171,7
171,8
171,9
171,10
171,11
171,12
171,13
171,14
171,15
171,16
171,17
171,18
171,19
170,20
169,21
168,22
167,23
166,24
165,25
164,26
163,27
162,27
161,28
160,28
159,29
158,29
157,29
156,29
155,29
154,29
153,29
152,29
151,29
150,29
149,29
148,29
147,29
146,29
145,29
144,29
143,29
142,29
141,29
140,29
139,30
138,31
137,32
136,33
135,34
134,35
133,36
132,37
131,38
130,39
129,40
128,41
127,42
126,43
125,44
124,45
123,46
122,47
122,48
122,49
122,50
122,51
122,52
122,53
122,54
122,55
122,56
122,57
122,58
122,59
122,60
122,61
122,62
122,63
122,64
122,65
122,66
122,67
122,68
122,69
122,70
122,71
122,72
122,73
122,74
122,75
122,76
122,77
122,78
122,79
122,80
122,81
122,82
122,83
122,84
122,85
122,86
122,87
122,88
122,89
122,90
122,91
122,92
122,93
122,94
122,95
122,96
122,97
122,98
122,99
122,100
122,101
122,102
122,103
122,104
122,105
122,106
122,107
122,108
122,109
122,110
122,111
122,112
122,113
122,114
122,115
122,116
121,117
120,118
119,119
118,120
117,121
116,122
115,123
114,124
113,125
112,126
111,127
110,128
109,129
108,130
107,131
106,132
106,133
105,134
105,135
105,136
105,137
104,138
103,139
102,140
101,141
100,142
99,143
98,144
97,145
96,146
95,147
94,148
93,149
92,150
91,151
90,152
90,153
89,154
88,155
87,156
87,157
86,158
86,159
86,160
86,161
86,162
86,163
86,164
86,165
86,166
86,167
86,168
86,169
86,170
86,171
86,172
86,173
86,174
86,175
86,176
86,177
86,178
86,179
86,180
86,181
86,182
86,183
86,184
86,185
86,186
86,187
86,188
86,189
86,190
86,191
86,192
86,193
86,194
86,195
86,196
86,197
86,198
86,199
86,200
86,201
86,202
86,203
86,204
86,205
86,206
86,207
86,208
86,209
86,210
86,211
86,212
86,213
86,214
86,215
86,216
86,217
86,218
86,219
86,220
86,221
86,222
86,223
86,224
86,225
86,226
86,227
87,228
88,229
89,230
90,231
91,232
92,233
93,234
94,235
95,236
96,237
97,237
98,238
99,238
100,238
101,239
102,239
103,239
104,239
105,239
106,239
107,239
108,239
109,239
110,239
111,239
112,239
113,239
114,239
115,239
116,239
117,239
118,239
119,239
120,239
121,239
122,239
123,239
124,239
125,239
126,239
127,239
128,239
129,239
130,239
131,239
132,239
133,239
134,239
135,239
136,239
137,239
138,239
139,239
140,239
141,239
142,239
143,239
144,239
145,239
146,239
147,239
148,239
149,239
150,239
151,239
152,239
153,239
154,239
155,239
156,239
157,239
158,239
159,239
160,239
161,239
162,239
163,239
164,239
165,239
166,239
167,239
168,239
169,239
170,239
171,239
172,239
173,239
174,239
175,239
176,239
177,239
178,239
179,239
180,239
181,239
182,240
183,240
184,240
185,240
186,240
187,240
188,240
189,240
190,240
191,240
192,240
193,240
194,240
195,240
196,240
197,240
198,240
199,240
200,240
201,240
202,240
203,240
204,240
205,240
206,240
207,239
208,238
209,237
210,236
211,235
212,234
213,233
214,232
215,231
216,230
217,229
218,229
219,229
220,229
221,228
222,228
223,227
224,226
225,225
226,224
227,223
228,222
229,222
230,221
231,221
232,221
233,221
234,221
235,221
236,221
237,221
238,221
239,221
240,221
241,221
242,221
243,221
244,221
245,221
246,221
247,221
248,221
249,221
250,221
251,221
252,221
253,221
254,221
255,221
256,221
257,221
258,221
259,221
260,221
261,221
262,221
263,221
264,221
265,221
266,221
267,221
268,221
269,221
270,221
271,221
272,221
273,221
274,221
275,221
276,221
277,221
278,221
279,221
280,221
281,221
282,221
283,221
284,221
285,221
286,221
287,221
288,221
289,221
290,221
291,221
292,221
293,221
294,221
295,220
296,219
297,218
298,217
299,216
300,215
301,214
302,213
303,212
304,212
305,211
306,211
307,211
308,211
309,211
310,211
311,212
312,213
313,214
314,215
315,216
316,217
317,218
318,219
319,220
320,221
321,222
322,223
323,224
324,225
325,226
326,227
326,228
326,229
326,230
326,231
326,232
326,233
326,234
326,235
327,236
328,237
329,238
330,239
331,240
332,241
333,242
333,243
334,244
335,245
336,246
336,247
336,248
336,249
336,250
336,251
336,252
336,253
336,254
336,255
336,256
336,257
336,258
336,259
336,260
336,261
336,262
336,263
336,264
336,265
337,266
337,267
337,268
337,269
337,270
337,271
337,272
337,273
337,274
337,275
337,276
337,277
337,278
337,279
337,280
337,281
337,282
337,283
337,284
337,285
337,286
337,287
337,288
337,289
337,290
337,291
337,292
337,293
337,294
337,295
338,296
339,297
340,298
341,299
342,300
343,301
344,302
345,303
346,304
347,305
348,306
349,307
350,308
351,309
352,310
353,311
354,312
355,313
356,314
357,315
358,316
359,317
360,318
361,319
362,320
363,321
364,322
365,323
366,324
367,325
368,326
369,327
370,328
371,329
372,330
373,331
374,332
375,333
376,334
377,335
378,336
379,337
380,338
381,339
382,340
383,341
384,342
385,343
386,344
387,345
388,346
389,347
390,348
391,349
392,350
393,351
394,352
395,353
396,354
397,355
398,356
399,357
400,358
401,359
402,360
403,361
404,362
405,363
406,364
407,365
408,366
409,367
410,368
411,369
412,370
413,371
414,372
415,373
416,374
417,375
418,376
419,377
420,378
421,379
422,380
423,381
424,382
425,383
426,384
427,385
428,386
429,387
430,388
431,389
432,390
433,391
434,392
435,393
436,394
437,395
438,396
439,397
440,398
441,399
442,400
442,401
443,402
443,403
443,404
443,405
443,406
443,407
443,408
443,409
443,410
443,411
443,412
443,413
443,414
443,415
443,416
443,417
444,418
445,419
445,420
445,421
445,422
445,423
445,424
445,425
445,426
445,427
445,428
445,429
445,430
445,431
445,432
445,433
445,434
445,435
445,436
445,437
445,438
445,439
445,440
445,441
445,442
445,443
445,444
445,445
445,446
445,447
445,448
445,449
445,450
445,451
445,452
445,453
445,454
445,455
445,456
445,457
445,458
445,459
445,460
446,461
447,462
448,463
449,464
450,465
451,466
452,467
453,468
454,469
454,470
454,471
454,472
454,473
454,474
454,475
454,476
454,477
454,478
454,479
454,480
454,481
454,482
454,483
454,484
454,485
454,486
454,487
454,488
454,489
454,490
454,491
454,492
454,493
455,494
456,495
457,496
458,497
459,498
460,499
171,0
171,1
171,2
171,3
171,4
171,5
171,6
171,7
171,8
171,9
171,10
171,11
171,12
171,13
171,14
171,15
171,16
171,17
171,18
171,19
170,20
169,21
168,22
167,23
166,24
165,25
164,26
163,27
162,27
161,28
160,28
159,29
158,29
157,29
156,29
155,29
154,29
153,29
152,29
151,29
150,29
149,29
148,29
147,29
146,29
145,29
144,29
143,29
142,29
141,29
140,29
139,30
138,31
137,32
136,33
135,34
134,35
133,36
132,37
131,38
130,39
129,40
128,41
127,42
126,43
125,44
124,45
123,46
122,47
122,48
122,49
122,50
122,51
122,52
122,53
122,54
122,55
122,56
122,57
122,58
122,59
122,60
122,61
122,62
122,63
122,64
122,65
122,66
122,67
122,68
122,69
122,70
122,71
122,72
122,73
122,74
122,75
122,76
122,77
122,78
122,79
122,80
122,81
122,82
122,83
122,84
122,85
122,86
122,87
122,88
122,89
122,90
122,91
122,92
122,93
122,94
122,95
122,96
122,97
122,98
122,99
122,100
122,101
122,102
122,103
122,104
122,105
122,106
122,107
122,108
122,109
122,110
122,111
122,112
122,113
122,114
122,115
122,116
121,117
120,118
119,119
118,120
117,121
116,122
115,123
114,124
113,125
112,126
111,127
110,128
109,129
108,130
107,131
106,132
106,133
105,134
105,135
105,136
105,137
104,138
103,139
102,140
101,141
100,142
99,143
98,144
97,145
96,146
95,147
94,148
93,149
92,150
91,151
90,152
90,153
89,154
88,155
87,156
87,157
86,158
86,159
86,160
86,161
86,162
86,163
86,164
86,165
86,166
86,167
86,168
86,169
86,170
86,171
86,172
86,173
86,174
86,175
86,176
86,177
86,178
86,179
86,180
86,181
86,182
86,183
86,184
86,185
86,186
86,187
86,188
86,189
86,190
86,191
86,192
86,193
86,194
86,195
86,196
86,197
86,198
86,199
86,200
86,201
86,202
86,203
86,204
86,205
86,206
86,207
86,208
86,209
86,210
86,211
86,212
86,213
86,214
86,215
86,216
86,217
86,218
86,219
86,220
86,221
86,222
86,223
86,224
86,225
86,226
86,227
87,228
88,229
89,230
90,231
91,232
92,233
93,234
94,235
95,236
96,237
97,237
98,238
99,238
100,238
101,239
102,239
103,239
104,239
105,239
106,239
107,239
108,239
109,239
110,239
111,239
112,239
113,239
114,239
115,239
116,239
117,239
118,239
119,239
120,239
121,239
122,239
123,239
124,239
125,239
126,239
127,239
128,239
129,239
130,239
131,239
132,239
133,239
134,239
135,239
136,239
137,239
138,239
139,239
140,239
141,239
142,239
143,239
144,239
145,239
146,239
147,239
148,239
149,239
150,239
151,239
152,239
153,239
154,239
155,239
156,239
157,239
158,239
159,239
160,239
161,239
162,239
163,239
164,239
165,239
166,239
167,239
168,239
169,239
170,239
171,239
172,239
173,239
174,239
175,239
176,239
177,239
178,239
179,239
180,239
181,239
182,240
183,240
184,240
185,240
186,240
187,240
188,240
189,240
190,240
191,240
192,240
193,240
194,240
195,240
196,240
197,240
198,240
199,240
200,240
201,240
202,240
203,240
204,240
205,240
206,240
207,239
208,238
209,237
210,236
211,235
212,234
213,233
214,232
215,231
216,230
217,229
218,229
219,229
220,229
221,228
222,228
223,227
224,226
225,225
226,224
227,223
228,222
229,222
230,221
231,221
232,221
233,221
234,221
235,221
236,221
237,221
238,221
239,221
240,221
241,221
242,221
243,221
244,221
245,221
246,221
247,221
248,221
249,221
250,221
251,221
252,221
253,221
254,221
255,221
256,221
257,221
258,221
259,221
260,221
261,221
262,221
263,221
264,221
265,221
266,221
267,221
268,221
269,221
270,221
271,221
272,221
273,221
274,221
275,221
276,221
277,221
278,221
279,221
280,221
281,221
282,221
283,221
284,221
285,221
286,221
287,221
288,221
289,221
290,221
291,221
292,221
293,221
294,221
295,220
296,219
297,218
298,217
299,216
300,215
301,214
302,213
303,212
304,212
305,211
306,211
307,211
308,211
309,211
310,211
311,212
312,213
313,214
314,215
315,216
316,217
317,218
318,219
319,220
320,221
321,222
322,223
323,224
324,225
325,226
326,227
326,228
326,229
326,230
326,231
326,232
326,233
326,234
326,235
327,236
328,237
329,238
330,239
331,240
332,241
333,242
333,243
334,244
335,245
336,246
336,247
336,248
336,249
336,250
336,251
336,252
336,253
336,254
336,255
336,256
336,257
336,258
336,259
336,260
336,261
336,262
336,263
336,264
336,265
337,266
337,267
337,268
337,269
337,270
337,271
337,272
337,273
337,274
337,275
337,276
337,277
337,278
337,279
337,280
337,281
337,282
337,283
337,284
337,285
337,286
337,287
337,288
337,289
337,290
337,291
337,292
337,293
337,294
337,295
338,296
339,297
340,298
341,299
342,300
343,301
344,302
345,303
346,304
347,305
348,306
349,307
350,308
351,309
352,310
353,311
354,312
355,313
356,314
357,315
358,316
359,317
360,318
361,319
362,320
363,321
364,322
365,323
366,324
367,325
368,326
369,327
370,328
371,329
372,330
373,331
374,332
375,333
376,334
377,335
378,336
379,337
380,338
381,339
382,340
383,341
384,342
385,343
386,344
387,345
388,346
389,347
390,348
391,349
392,350
393,351
394,352
395,353
396,354
397,355
398,356
399,357
400,358
401,359
402,360
403,361
404,362
405,363
406,364
407,365
408,366
409,367
410,368
411,369
412,370
413,371
414,372
415,373
416,374
417,375
418,376
419,377
420,378
421,379
422,380
423,381
424,382
425,383
426,384
427,385
428,386
429,387
430,388
431,389
432,390
433,391
434,392
435,393
436,394
437,395
438,396
439,397
440,398
441,399
442,400
442,401
443,402
443,403
443,404
443,405
443,406
443,407
443,408
443,409
443,410
443,411
443,412
443,413
443,414
443,415
443,416
443,417
444,418
445,419
445,420
445,421
445,422
445,423
445,424
445,425
445,426
445,427
445,428
445,429
445,430
445,431
445,432
445,433
445,434
445,435
445,436
445,437
445,438
445,439
445,440
445,441
445,442
445,443
445,444
445,445
445,446
445,447
445,448
445,449
445,450
445,451
445,452
445,453
445,454
445,455
445,456
445,457
445,458
445,459
445,460
446,461
447,462
448,463
449,464
450,465
451,466
452,467
453,468
454,469
454,470
454,471
454,472
454,473
454,474
454,475
454,476
454,477
454,478
454,479
454,480
454,481
454,482
454,483
454,484
454,485
454,486
454,487
454,488
454,489
454,490
454,491
454,492
454,493
455,494
456,495
457,496
458,497
459,498
460,499
171,0
171,1
171,2
171,3
171,4
171,5
171,6
171,7
171,8
171,9
171,10
171,11
171,12
171,13
171,14
171,15
171,16
171,17
171,18
171,19
170,20
169,21
168,22
167,23
166,24
165,25
164,26
163,27
162,27
161,28
160,28
159,29
158,29
157,29
156,29
155,29
154,29
153,29
152,29
151,29
150,29
149,29
148,29
147,29
146,29
145,29
144,29
143,29
142,29
141,29
140,29
139,30
138,31
137,32
136,33
135,34
134,35
133,36
132,37
131,38
130,39
129,40
128,41
127,42
126,43
125,44
124,45
123,46
122,47
122,48
122,49
122,50
122,51
122,52
122,53
122,54
122,55
122,56
122,57
122,58
122,59
122,60
122,61
122,62
122,63
122,64
122,65
122,66
122,67
122,68
122,69
122,70
122,71
122,72
122,73
122,74
122,75
122,76
122,77
122,78
122,79
122,80
122,81
122,82
122,83
122,84
122,85
122,86
122,87
122,88
122,89
122,90
122,91
122,92
122,93
122,94
122,95
122,96
122,97
122,98
122,99
122,100
122,101
122,102
122,103
122,104
122,105
122,106
122,107
122,108
122,109
122,110
122,111
122,112
122,113
122,114
122,115
122,116
121,117
120,118
119,119
118,120
117,121
116,122
115,123
114,124
113,125
112,126
111,127
110,128
109,129
108,130
107,131
106,132
106,133
105,134
105,135
105,136
105,137
104,138
103,139
102,140
101,141
100,142
99,143
98,144
97,145
96,146
95,147
94,148
93,149
92,150
91,151
90,152
90,153
89,154
88,155
87,156
87,157
86,158
86,159
86,160
86,161
86,162
86,163
86,164
86,165
86,166
86,167
86,168
86,169
86,170
86,171
86,172
86,173
86,174
86,175
86,176
86,177
86,178
86,179
86,180
86,181
86,182
86,183
86,184
86,185
86,186
86,187
86,188
86,189
86,190
86,191
86,192
86,193
86,194
86,195
86,196
86,197
86,198
86,199
86,200
86,201
86,202
86,203
86,204
86,205
86,206
86,207
86,208
86,209
86,210
86,211
86,212
86,213
86,214
86,215
86,216
86,217
86,218
86,219
86,220
86,221
86,222
86,223
86,224
86,225
86,226
86,227
87,228
88,229
89,230
90,231
91,232
92,233
93,234
94,235
95,236
96,237
97,237
98,238
99,238
100,238
101,239
102,239
103,239
104,239
105,239
106,239
107,239
108,239
109,239
110,239
111,239
112,239
113,239
114,239
115,239
116,239
117,239
118,239
119,239
120,239
121,239
122,239
123,239
124,239
125,239
126,239
127,239
128,239
129,239
130,239
131,239
132,239
133,239
134,239
135,239
136,239
137,239
138,239
139,239
140,239
141,239
142,239
143,239
144,239
145,239
146,239
147,239
148,239
149,239
150,239
151,239
152,239
153,239
154,239
155,239
156,239
157,239
158,239
159,239
160,239
161,239
162,239
163,239
164,239
165,239
166,239
167,239
168,239
169,239
170,239
171,239
172,239
173,239
174,239
175,239
176,239
177,239
178,239
179,239
180,239
181,239
182,240
183,240
184,240
185,240
186,240
187,240
188,240
189,240
190,240
191,240
192,240
193,240
194,240
195,240
196,240
197,240
198,240
199,240
200,240
201,240
202,240
203,240
204,240
205,240
206,240
207,239
208,238
209,237
210,236
211,235
212,234
213,233
214,232
215,231
216,230
217,229
218,229
219,229
220,229
221,228
222,228
223,227
224,226
225,225
226,224
227,223
228,222
229,222
230,221
231,221
232,221
233,221
234,221
235,221
236,221
237,221
238,221
239,221
240,221
241,221
242,221
243,221
244,221
245,221
246,221
247,221
248,221
249,221
250,221
251,221
252,221
253,221
254,221
255,221
256,221
257,221
258,221
259,221
260,221
261,221
262,221
263,221
264,221
265,221
266,221
267,221
268,221
269,221
270,221
271,221
272,221
273,221
274,221
275,221
276,221
277,221
278,221
279,221
280,221
281,221
282,221
283,221
284,221
285,221
286,221
287,221
288,221
289,221
290,221
291,221
292,221
293,221
294,221
295,220
296,219
297,218
298,217
299,216
300,215
301,214
302,213
303,212
304,212
305,211
306,211
307,211
308,211
309,211
310,211
311,212
312,213
313,214
314,215
315,216
316,217
317,218
318,219
319,220
320,221
321,222
322,223
323,224
324,225
325,226
326,227
326,228
326,229
326,230
326,231
326,232
326,233
326,234
326,235
327,236
328,237
329,238
330,239
331,240
332,241
333,242
333,243
334,244
335,245
336,246
336,247
336,248
336,249
336,250
336,251
336,252
336,253
336,254
336,255
336,256
336,257
336,258
336,259
336,260
336,261
336,262
336,263
336,264
336,265
337,266
337,267
337,268
337,269
337,270
337,271
337,272
337,273
337,274
337,275
337,276
337,277
337,278
337,279
337,280
337,281
337,282
337,283
337,284
337,285
337,286
337,287
337,288
337,289
337,290
337,291
337,292
337,293
337,294
337,295
338,296
339,297
340,298
341,299
342,300
343,301
344,302
345,303
346,304
347,305
348,306
349,307
350,308
351,309
352,310
353,311
354,312
355,313
356,314
357,315
358,316
359,317
360,318
361,319
362,320
363,321
364,322
365,323
366,324
367,325
368,326
369,327
370,328
371,329
372,330
373,331
374,332
375,333
376,334
377,335
378,336
379,337
380,338
381,339
382,340
383,341
384,342
385,343
386,344
387,345
388,346
389,347
390,348
391,349
392,350
393,351
394,352
395,353
396,354
397,355
398,356
399,357
400,358
401,359
402,360
403,361
404,362
405,363
406,364
407,365
408,366
409,367
410,368
411,369
412,370
413,371
414,372
415,373
416,374
417,375
418,376
419,377
420,378
421,379
422,380
423,381
424,382
425,383
426,384
427,385
428,386
429,387
430,388
431,389
432,390
433,391
434,392
435,393
436,394
437,395
438,396
439,397
440,398
441,399
442,400
442,401
443,402
443,403
443,404
443,405
443,406
443,407
443,408
443,409
443,410
443,411
443,412
443,413
443,414
443,415
443,416
443,417
444,418
445,419
445,420
445,421
445,422
445,423
445,424
445,425
445,426
445,427
445,428
445,429
445,430
445,431
445,432
445,433
445,434
445,435
445,436
445,437
445,438
445,439
445,440
445,441
445,442
445,443
445,444
445,445
445,446
445,447
445,448
445,449
445,450
445,451
445,452
445,453
445,454
445,455
445,456
445,457
445,458
445,459
445,460
446,461
447,462
448,463
449,464
450,465
451,466
452,467
453,468
454,469
454,470
454,471
454,472
454,473
454,474
454,475
454,476
454,477
454,478
454,479
454,480
454,481
454,482
454,483
454,484
454,485
454,486
454,487
454,488
454,489
454,490
454,491
454,492
454,493
455,494
456,495
457,496
458,497
459,498
460,499
171,0
171,1
171,2
171,3
171,4
171,5
171,6
171,7
171,8
171,9
171,10
171,11
171,12
171,13
171,14
171,15
171,16
171,17
171,18
171,19
170,20
169,21
168,22
167,23
166,24
165,25
164,26
163,27
162,27
161,28
160,28
159,29
158,29
157,29
156,29
155,29
154,29
153,29
152,29
151,29
150,29
149,29
148,29
147,29
146,29
145,29
144,29
143,29
142,29
141,29
140,29
139,30
138,31
137,32
136,33
135,34
134,35
133,36
132,37
131,38
130,39
129,40
128,41
127,42
126,43
125,44
124,45
123,46
122,47
122,48
122,49
122,50
122,51
122,52
122,53
122,54
122,55
122,56
122,57
122,58
122,59
122,60
122,61
122,62
122,63
122,64
122,65
122,66
122,67
122,68
122,69
122,70
122,71
122,72
122,73
122,74
122,75
122,76
122,77
122,78
122,79
122,80
122,81
122,82
122,83
122,84
122,85
122,86
122,87
122,88
122,89
122,90
122,91
122,92
122,93
122,94
122,95
122,96
122,97
122,98
122,99
122,100
122,101
122,102
122,103
122,104
122,105
122,106
122,107
122,108
122,109
122,110
122,111
122,112
122,113
122,114
122,115
122,116
121,117
120,118
119,119
118,120
117,121
116,122
115,123
114,124
113,125
112,126
111,127
110,128
109,129
108,130
107,131
106,132
106,133
105,134
105,135
105,136
105,137
104,138
103,139
102,140
101,141
100,142
99,143
98,144
97,145
96,146
95,147
94,148
93,149
92,150
91,151
90,152
90,153
89,154
88,155
87,156
87,157
86,158
86,159
86,160
86,161
86,162
86,163
86,164
86,165
86,166
86,167
86,168
86,169
86,170
86,171
86,172
86,173
86,174
86,175
86,176
86,177
86,178
86,179
86,180
86,181
86,182
86,183
86,184
86,185
86,186
86,187
86,188
86,189
86,190
86,191
86,192
86,193
86,194
86,195
86,196
86,197
86,198
86,199
86,200
86,201
86,202
86,203
86,204
86,205
86,206
86,207
86,208
86,209
86,210
86,211
86,212
86,213
86,214
86,215
86,216
86,217
86,218
86,219
86,220
86,221
86,222
86,223
86,224
86,225
86,226
86,227
87,228
88,229
89,230
90,231
91,232
92,233
93,234
94,235
95,236
96,237
97,237
98,238
99,238
100,238
101,239
102,239
103,239
104,239
105,239
106,239
107,239
108,239
109,239
110,239
111,239
112,239
113,239
114,239
115,239
116,239
117,239
118,239
119,239
120,239
121,239
122,239
123,239
124,239
125,239
126,239
127,239
128,239
129,239
130,239
131,239
132,239
133,239
134,239
135,239
136,239
137,239
138,239
139,239
140,239
141,239
142,239
143,239
144,239
145,239
146,239
147,239
148,239
149,239
150,239
151,239
152,239
153,239
154,239
155,239
156,239
157,239
158,239
159,239
160,239
161,239
162,239
163,239
164,239
165,239
166,239
167,239
168,239
169,239
170,239
171,239
172,239
173,239
174,239
175,239
176,239
177,239
178,239
179,239
180,239
181,239
182,240
183,240
184,240
185,240
186,240
187,240
188,240
189,240
190,240
191,240
192,240
193,240
194,240
195,240
196,240
197,240
198,240
199,240
200,240
201,240
202,240
203,240
204,240
205,240
206,240
207,239
208,238
209,237
210,236
211,235
212,234
213,233
214,232
215,231
216,230
217,229
218,229
219,229
220,229
221,228
222,228
223,227
224,226
225,225
226,224
227,223
228,222
229,222
230,221
231,221
232,221
233,221
234,221
235,221
236,221
237,221
238,221
239,221
240,221
241,221
242,221
243,221
244,221
245,221
246,221
247,221
248,221
249,221
250,221
251,221
252,221
253,221
254,221
255,221
256,221
257,221
258,221
259,221
260,221
261,221
262,221
263,221
264,221
265,221
266,221
267,221
268,221
269,221
270,221
271,221
272,221
273,221
274,221
275,221
276,221
277,221
278,221
279,221
280,221
281,221
282,221
283,221
284,221
285,221
286,221
287,221
288,221
289,221
290,221
291,221
292,221
293,221
294,221
295,220
296,219
297,218
298,217
299,216
300,215
301,214
302,213
303,212
304,212
305,211
306,211
307,211
308,211
309,211
310,211
311,212
312,213
313,214
314,215
315,216
316,217
317,218
318,219
319,220
320,221
321,222
322,223
323,224
324,225
325,226
326,227
326,228
326,229
326,230
326,231
326,232
326,233
326,234
326,235
327,236
328,237
329,238
330,239
331,240
332,241
333,242
333,243
334,244
335,245
336,246
336,247
336,248
336,249
336,250
336,251
336,252
336,253
336,254
336,255
336,256
336,257
336,258
336,259
336,260
336,261
336,262
336,263
336,264
336,265
337,266
337,267
337,268
337,269
337,270
337,271
337,272
337,273
337,274
337,275
337,276
337,277
337,278
337,279
337,280
337,281
337,282
337,283
337,284
337,285
337,286
337,287
337,288
337,289
337,290
337,291
337,292
337,293
337,294
337,295
338,296
339,297
340,298
341,299
342,300
343,301
344,302
345,303
346,304
347,305
348,306
349,307
350,308
351,309
352,310
353,311
354,312
355,313
356,314
357,315
358,316
359,317
360,318
361,319
362,320
363,321
364,322
365,323
366,324
367,325
368,326
369,327
370,328
371,329
372,330
373,331
374,332
375,333
376,334
377,335
378,336
379,337
380,338
381,339
382,340
383,341
384,342
385,343
386,344
387,345
388,346
389,347
390,348
391,349
392,350
393,351
394,352
395,353
396,354
397,355
398,356
399,357
400,358
401,359
402,360
403,361
404,362
405,363
406,364
407,365
408,366
409,367
410,368
411,369
412,370
413,371
414,372
415,373
416,374
417,375
418,376
419,377
420,378
421,379
422,380
423,381
424,382
425,383
426,384
427,385
428,386
429,387
430,388
431,389
432,390
433,391
434,392
435,393
436,394
437,395
438,396
439,397
440,398
441,399
442,400
442,401
443,402
443,403
443,404
443,405
443,406
443,407
443,408
443,409
443,410
443,411
443,412
443,413
443,414
443,415
443,416
443,417
444,418
445,419
445,420
445,421
445,422
445,423
445,424
445,425
445,426
445,427
445,428
445,429
445,430
445,431
445,432
445,433
445,434
445,435
445,436
445,437
445,438
445,439
445,440
445,441
445,442
445,443
445,444
445,445
445,446
445,447
445,448
445,449
445,450
445,451
445,452
445,453
445,454
445,455
445,456
445,457
445,458
445,459
445,460
446,461
447,462
448,463
449,464
450,465
451,466
452,467
453,468
454,469
454,470
454,471
454,472
454,473
454,474
454,475
454,476
454,477
454,478
454,479
454,480
454,481
454,482
454,483
454,484
454,485
454,486
454,487
454,488
454,489
454,490
454,491
454,492
454,493
455,494
456,495
457,496
458,497
459,498
460,499
171,0
171,1
171,2
171,3
171,4
171,5
171,6
171,7
171,8
171,9
171,10
171,11
171,12
171,13
171,14
171,15
171,16
171,17
171,18
171,19
170,20
169,21
168,22
167,23
166,24
165,25
164,26
163,27
162,27
161,28
160,28
159,29
158,29
157,29
156,29
155,29
154,29
153,29
152,29
151,29
150,29
149,29
148,29
147,29
146,29
145,29
144,29
143,29
142,29
141,29
140,29
139,30
138,31
137,32
136,33
135,34
134,35
133,36
132,37
131,38
130,39
129,40
128,41
127,42
126,43
125,44
124,45
123,46
122,47
122,48
122,49
122,50
122,51
122,52
122,53
122,54
122,55
122,56
122,57
122,58
122,59
122,60
122,61
122,62
122,63
122,64
122,65
122,66
122,67
122,68
122,69
122,70
122,71
122,72
122,73
122,74
122,75
122,76
122,77
122,78
122,79
122,80
122,81
122,82
122,83
122,84
122,85
122,86
122,87
122,88
122,89
122,90
122,91
122,92
122,93
122,94
122,95
122,96
122,97
122,98
122,99
122,100
122,101
122,102
122,103
122,104
122,105
122,106
122,107
122,108
122,109
122,110
122,111
122,112
122,113
122,114
122,115
122,116
121,117
120,118
119,119
118,120
117,121
116,122
115,123
114,124
113,125
112,126
111,127
110,128
109,129
108,130
107,131
106,132
106,133
105,134
105,135
105,136
105,137
104,138
103,139
102,140
101,141
100,142
99,143
98,144
97,145
96,146
95,147
94,148
93,149
92,150
91,151
90,152
90,153
89,154
88,155
87,156
87,157
86,158
86,159
86,160
86,161
86,162
86,163
86,164
86,165
86,166
86,167
86,168
86,169
86,170
86,171
86,172
86,173
86,174
86,175
86,176
86,177
86,178
86,179
86,180
86,181
86,182
86,183
86,184
86,185
86,186
86,187
86,188
86,189
86,190
86,191
86,192
86,193
86,194
86,195
86,196
86,197
86,198
86,199
86,200
86,201
86,202
86,203
86,204
86,205
86,206
86,207
86,208
86,209
86,210
86,211
86,212
86,213
86,214
86,215
86,216
86,217
86,218
86,219
86,220
86,221
86,222
86,223
86,224
86,225
86,226
86,227
87,228
88,229
89,230
90,231
91,232
92,233
93,234
94,235
95,236
96,237
97,237
98,238
99,238
100,238
101,239
102,239
103,239
104,239
105,239
106,239
107,239
108,239
109,239
110,239
111,239
112,239
113,239
114,239
115,239
116,239
117,239
118,239
119,239
120,239
121,239
122,239
123,239
124,239
125,239
126,239
127,239
128,239
129,239
130,239
131,239
132,239
133,239
134,239
135,239
136,239
137,239
138,239
139,239
140,239
141,239
142,239
143,239
144,239
145,239
146,239
147,239
148,239
149,239
150,239
151,239
152,239
153,239
154,239
155,239
156,239
157,239
158,239
159,239
160,239
161,239
162,239
163,239
164,239
165,239
166,239
167,239
168,239
169,239
170,239
171,239
172,239
173,239
174,239
175,239
176,239
177,239
178,239
179,239
180,239
181,239
182,240
183,240
184,240
185,240
186,240
187,240
188,240
189,240
190,240
191,240
192,240
193,240
194,240
195,240
196,240
197,240
198,240
199,240
200,240
201,240
202,240
203,240
204,240
205,240
206,240
207,239
208,238
209,237
210,236
211,235
212,234
213,233
214,232
215,231
216,230
217,229
218,229
219,229
220,229
221,228
222,228
223,227
224,226
225,225
226,224
227,223
228,222
229,222
230,221
231,221
232,221
233,221
234,221
235,221
236,221
237,221
238,221
239,221
240,221
241,221
242,221
243,221
244,221
245,221
246,221
247,221
248,221
249,221
250,221
251,221
252,221
253,221
254,221
255,221
256,221
257,221
258,221
259,221
260,221
261,221
262,221
263,221
264,221
265,221
266,221
267,221
268,221
269,221
270,221
271,221
272,221
273,221
274,221
275,221
276,221
277,221
278,221
279,221
280,221
281,221
282,221
283,221
284,221
285,221
286,221
287,221
288,221
289,221
290,221
291,221
292,221
293,221
294,221
295,220
296,219
297,218
298,217
299,216
300,215
301,214
302,213
303,212
304,212
305,211
306,211
307,211
308,211
309,211
310,211
311,212
312,213
313,214
314,215
315,216
316,217
317,218
318,219
319,220
320,221
321,222
322,223
323,224
324,225
325,226
326,227
326,228
326,229
326,230
326,231
326,232
326,233
326,234
326,235
327,236
328,237
329,238
330,239
331,240
332,241
333,242
333,243
334,244
335,245
336,246
336,247
336,248
336,249
336,250
336,251
336,252
336,253
336,254
336,255
336,256
336,257
336,258
336,259
336,260
336,261
336,262
336,263
336,264
336,265
337,266
337,267
337,268
337,269
337,270
337,271
337,272
337,273
337,274
337,275
337,276
337,277
337,278
337,279
337,280
337,281
337,282
337,283
337,284
337,285
337,286
337,287
337,288
337,289
337,290
337,291
337,292
337,293
337,294
337,295
338,296
339,297
340,298
341,299
342,300
343,301
344,302
345,303
346,304
347,305
348,306
349,307
350,308
351,309
352,310
353,311
354,312
355,313
356,314
357,315
358,316
359,317
360,318
361,319
362,320
363,321
364,322
365,323
366,324
367,325
368,326
369,327
370,328
371,329
372,330
373,331
374,332
375,333
376,334
377,335
378,336
379,337
380,338
381,339
382,340
383,341
384,342
385,343
386,344
387,345
388,346
389,347
390,348
391,349
392,350
393,351
394,352
395,353
396,354
397,355
398,356
399,357
400,358
401,359
402,360
403,361
404,362
405,363
406,364
407,365
408,366
409,367
410,368
411,369
412,370
413,371
414,372
415,373
416,374
417,375
418,376
419,377
420,378
421,379
422,380
423,381
424,382
425,383
426,384
427,385
428,386
429,387
430,388
431,389
432,390
433,391
434,392
435,393
436,394
437,395
438,396
439,397
440,398
441,399
442,400
442,401
443,402
443,403
443,404
443,405
443,406
443,407
443,408
443,409
443,410
443,411
443,412
443,413
443,414
443,415
443,416
443,417
444,418
445,419
445,420
445,421
445,422
445,423
445,424
445,425
445,426
445,427
445,428
445,429
445,430
445,431
445,432
445,433
445,434
445,435
445,436
445,437
445,438
445,439
445,440
445,441
445,442
445,443
445,444
445,445
445,446
445,447
445,448
445,449
445,450
445,451
445,452
445,453
445,454
445,455
445,456
445,457
445,458
445,459
445,460
446,461
447,462
448,463
449,464
450,465
451,466
452,467
453,468
454,469
454,470
454,471
454,472
454,473
454,474
454,475
454,476
454,477
454,478
454,479
454,480
454,481
454,482
454,483
454,484
454,485
454,486
454,487
454,488
454,489
454,490
454,491
454,492
454,493
455,494
456,495
457,496
458,497
459,498
460,499
171,0
171,1
171,2
171,3
171,4
171,5
171,6
171,7
171,8
171,9
171,10
171,11
171,12
171,13
171,14
171,15
171,16
171,17
171,18
171,19
170,20
169,21
168,22
167,23
166,24
165,25
164,26
163,27
162,27
161,28
160,28
159,29
158,29
157,29
156,29
155,29
154,29
153,29
152,29
151,29
150,29
149,29
148,29
147,29
146,29
145,29
144,29
143,29
142,29
141,29
140,29
139,30
138,31
137,32
136,33
135,34
134,35
133,36
132,37
131,38
130,39
129,40
128,41
127,42
126,43
125,44
124,45
123,46
122,47
122,48
122,49
122,50
122,51
122,52
122,53
122,54
122,55
122,56
122,57
122,58
122,59
122,60
122,61
122,62
122,63
122,64
122,65
122,66
122,67
122,68
122,69
122,70
122,71
122,72
122,73
122,74
122,75
122,76
122,77
122,78
122,79
122,80
122,81
122,82
122,83
122,84
122,85
122,86
122,87
122,88
122,89
122,90
122,91
122,92
122,93
122,94
122,95
122,96
122,97
122,98
122,99
122,100
122,101
122,102
122,103
122,104
122,105
122,106
122,107
122,108
122,109
122,110
122,111
122,112
122,113
122,114
122,115
122,116
121,117
120,118
119,119
118,120
117,121
116,122
115,123
114,124
113,125
112,126
111,127
110,128
109,129
108,130
107,131
106,132
106,133
105,134
105,135
105,136
105,137
104,138
103,139
102,140
101,141
100,142
99,143
98,144
97,145
96,146
95,147
94,148
93,149
92,150
91,151
90,152
90,153
89,154
88,155
87,156
87,157
86,158
86,159
86,160
86,161
86,162
86,163
86,164
86,165
86,166
86,167
86,168
86,169
86,170
86,171
86,172
86,173
86,174
86,175
86,176
86,177
86,178
86,179
86,180
86,181
86,182
86,183
86,184
86,185
86,186
86,187
86,188
86,189
86,190
86,191
86,192
86,193
86,194
86,195
86,196
86,197
86,198
86,199
86,200
86,201
86,202
86,203
86,204
86,205
86,206
86,207
86,208
86,209
86,210
86,211
86,212
86,213
86,214
86,215
86,216
86,217
86,218
86,219
86,220
86,221
86,222
86,223
86,224
86,225
86,226
86,227
87,228
88,229
89,230
90,231
91,232
92,233
93,234
94,235
95,236
96,237
97,237
98,238
99,238
100,238
101,239
102,239
103,239
104,239
105,239
106,239
107,239
108,239
109,239
110,239
111,239
112,239
113,239
114,239
115,239
116,239
117,239
118,239
119,239
120,239
121,239
122,239
123,239
124,239
125,239
126,239
127,239
128,239
129,239
130,239
131,239
132,239
133,239
134,239
135,239
136,239
137,239
138,239
139,239
140,239
141,239
142,239
143,239
144,239
145,239
146,239
147,239
148,239
149,239
150,239
151,239
152,239
153,239
154,239
155,239
156,239
157,239
158,239
159,239
160,239
161,239
162,239
163,239
164,239
165,239
166,239
167,239
168,239
169,239
170,239
171,239
172,239
173,239
174,239
175,239
176,239
177,239
178,239
179,239
180,239
181,239
182,240
183,240
184,240
185,240
186,240
187,240
188,240
189,240
190,240
191,240
192,240
193,240
194,240
195,240
196,240
197,240
198,240
199,240
200,240
201,240
202,240
203,240
204,240
205,240
206,240
207,239
208,238
209,237
210,236
211,235
212,234
213,233
214,232
215,231
216,230
217,229
218,229
219,229
220,229
221,228
222,228
223,227
224,226
225,225
226,224
227,223
228,222
229,222
230,221
231,221
232,221
233,221
234,221
235,221
236,221
237,221
238,221
239,221
240,221
241,221
242,221
243,221
244,221
245,221
246,221
247,221
248,221
249,221
250,221
251,221
252,221
253,221
254,221
255,221
256,221
257,221
258,221
259,221
260,221
261,221
262,221
263,221
264,221
265,221
266,221
267,221
268,221
269,221
270,221
271,221
272,221
273,221
274,221
275,221
276,221
277,221
278,221
279,221
280,221
281,221
282,221
283,221
284,221
285,221
286,221
287,221
288,221
289,221
290,221
291,221
292,221
293,221
294,221
295,220
296,219
297,218
298,217
299,216
300,215
301,214
302,213
303,212
304,212
305,211
306,211
307,211
308,211
309,211
310,211
311,212
312,213
313,214
314,215
315,216
316,217
317,218
318,219
319,220
320,221
321,222
322,223
323,224
324,225
325,226
326,227
326,228
326,229
326,230
326,231
326,232
326,233
326,234
326,235
327,236
328,237
329,238
330,239
331,240
332,241
333,242
333,243
334,244
335,245
336,246
336,247
336,248
336,249
336,250
336,251
336,252
336,253
336,254
336,255
336,256
336,257
336,258
336,259
336,260
336,261
336,262
336,263
336,264
336,265
337,266
337,267
337,268
337,269
337,270
337,271
337,272
337,273
337,274
337,275
337,276
337,277
337,278
337,279
337,280
337,281
337,282
337,283
337,284
337,285
337,286
337,287
337,288
337,289
337,290
337,291
337,292
337,293
337,294
337,295
338,296
339,297
340,298
341,299
342,300
343,301
344,302
345,303
346,304
347,305
348,306
349,307
350,308
351,309
352,310
353,311
354,312
355,313
356,314
357,315
358,316
359,317
360,318
361,319
362,320
363,321
364,322
365,323
366,324
367,325
368,326
369,327
370,328
371,329
372,330
373,331
374,332
375,333
376,334
377,335
378,336
379,337
380,338
381,339
382,340
383,341
384,342
385,343
386,344
387,345
388,346
389,347
390,348
391,349
392,350
393,351
394,352
395,353
396,354
397,355
398,356
399,357
400,358
401,359
402,360
403,361
404,362
405,363
406,364
407,365
408,366
409,367
410,368
411,369
412,370
413,371
414,372
415,373
416,374
417,375
418,376
419,377
420,378
421,379
422,380
423,381
424,382
425,383
426,384
427,385
428,386
429,387
430,388
431,389
432,390
433,391
434,392
435,393
436,394
437,395
438,396
439,397
440,398
441,399
442,400
442,401
443,402
443,403
443,404
443,405
443,406
443,407
443,408
443,409
443,410
443,411
443,412
443,413
443,414
443,415
443,416
443,417
444,418
445,419
445,420
445,421
445,422
445,423
445,424
445,425
445,426
445,427
445,428
445,429
445,430
445,431
445,432
445,433
445,434
445,435
445,436
445,437
445,438
445,439
445,440
445,441
445,442
445,443
445,444
445,445
445,446
445,447
445,448
445,449
445,450
445,451
445,452
445,453
445,454
445,455
445,456
445,457
445,458
445,459
445,460
446,461
447,462
448,463
449,464
450,465
451,466
452,467
453,468
454,469
454,470
454,471
454,472
454,473
454,474
454,475
454,476
454,477
454,478
454,479
454,480
454,481
454,482
454,483
454,484
454,485
454,486
454,487
454,488
454,489
454,490
454,491
454,492
454,493
455,494
456,495
457,496
458,497
459,498
460,499
