181,0
181,1
181,2
181,3
181,4
181,5
181,6
181,7
181,8
181,9
181,10
181,11
181,12
181,13
181,14
181,15
181,16
181,17
181,18
181,19
181,20
181,21
181,22
181,23
181,24
181,25
181,26
181,27
181,28
181,29
181,30
181,31
181,32
181,33
181,34
181,35
181,36
181,37
181,38
181,39
181,40
181,41
181,42
181,43
181,44
181,45
181,46
181,47
181,48
181,49
181,50
181,51
181,52
181,53
181,54
181,55
181,56
181,57
181,58
181,59
181,60
181,61
181,62
181,63
181,64
181,65
181,66
181,67
181,68
181,69
181,70
181,71
181,72
181,73
181,74
181,75
181,76
180,77
179,78
178,79
177,80
176,81
175,82
174,83
173,84
172,85
171,86
170,87
169,88
168,89
167,90
166,91
165,92
164,93
163,94
162,95
161,96
160,97
159,98
158,99
157,100
156,101
155,102
154,103
153,104
152,104
151,104
150,104
149,104
148,104
147,104
146,104
145,104
144,105
143,106
142,107
141,108
140,109
139,110
138,111
137,112
136,113
135,114
134,115
133,116
132,117
131,118
130,119
129,120
128,121
127,122
126,123
125,124
124,125
123,126
122,127
121,128
120,129
119,130
118,131
117,132
116,133
115,134
114,135
113,136
112,137
111,138
110,139
109,140
108,141
107,142
106,143
105,144
104,145
103,146
102,147
101,148
100,149
99,150
98,151
97,152
96,153
95,154
94,155
93,156
92,157
91,158
90,159
89,160
88,161
87,162
86,163
85,164
84,165
83,166
83,167
82,168
82,169
81,170
80,171
80,172
80,173
80,174
80,175
80,176
80,177
80,178
80,179
80,180
80,181
80,182
80,183
80,184
80,185
80,186
80,187
80,188
80,189
80,190
80,191
80,192
80,193
80,194
80,195
80,196
80,197
80,198
80,199
80,200
80,201
80,202
80,203
80,204
80,205
80,206
80,207
80,208
80,209
80,210
80,211
80,212
80,213
80,214
80,215
80,216
80,217
80,218
80,219
80,220
80,221
80,222
80,223
80,224
80,225
80,226
80,227
80,228
80,229
80,230
80,231
80,232
80,233
80,234
80,235
80,236
80,237
80,238
80,239
80,240
80,241
80,242
80,243
80,244
80,245
80,246
80,247
80,248
80,249
80,250
80,251
80,252
80,253
80,254
80,255
80,256
80,257
80,258
80,259
80,260
80,261
80,262
80,263
80,264
80,265
80,266
80,267
80,268
80,269
80,270
80,271
80,272
80,273
80,274
80,275
80,276
80,277
80,278
80,279
80,280
80,281
80,282
80,283
80,284
80,285
80,286
80,287
80,288
80,289
80,290
80,291
80,292
80,293
80,294
80,295
79,296
79,297
79,298
79,299
79,300
79,301
79,302
79,303
79,304
79,305
79,306
79,307
79,308
79,309
79,310
79,311
79,312
79,313
79,314
79,315
79,316
79,317
80,318
81,319
82,320
83,321
84,322
85,323
86,324
87,325
88,326
89,327
90,328
91,329
92,330
93,331
94,332
95,333
96,334
97,335
98,336
99,337
100,337
101,337
102,337
103,337
104,337
105,337
106,337
107,337
108,337
109,337
110,337
111,337
112,337
113,337
114,337
115,337
116,337
117,337
118,337
119,337
120,337
121,337
122,337
123,337
124,337
125,337
126,337
127,337
128,337
129,337
130,337
131,337
132,337
133,337
134,337
135,337
136,337
137,337
138,337
139,338
140,339
141,339
142,339
143,339
144,340
145,340
146,341
147,342
148,342
149,342
150,343
151,343
152,344
153,345
154,345
155,346
156,346
157,346
158,346
159,346
160,346
161,346
162,346
163,346
164,346
165,346
166,346
167,346
168,346
169,346
170,346
171,346
172,346
173,346
174,346
175,346
176,346
177,346
178,346
179,346
180,346
181,346
182,346
183,346
184,346
185,346
186,346
187,346
188,346
189,346
190,346
191,346
192,346
193,346
194,346
195,346
196,346
197,346
198,346
199,346
200,346
201,346
202,346
203,346
204,346
205,346
206,346
207,346
208,346
209,346
210,346
211,346
212,346
213,346
214,346
215,346
216,346
217,346
218,346
219,346
220,346
221,346
222,346
223,346
224,346
225,346
226,346
227,346
228,346
229,346
230,346
231,346
232,346
233,346
234,346
235,346
236,346
237,345
238,344
239,343
240,342
241,341
242,340
243,339
244,338
245,337
246,336
247,335
248,334
249,333
250,332
251,331
252,330
253,329
254,328
255,327
256,326
257,325
258,324
259,323
260,322
261,321
262,320
263,319
264,318
265,317
266,316
267,315
268,314
269,314
270,314
271,313
272,312
273,311
274,310
275,309
276,309
277,309
278,309
279,309
280,309
281,309
282,309
283,309
284,309
285,309
286,309
287,309
288,309
289,309
290,309
291,309
292,309
293,309
294,309
295,309
296,309
297,309
298,309
299,309
300,309
301,309
302,309
303,309
304,309
305,309
306,309
307,309
308,309
309,309
310,309
311,309
312,309
313,309
314,309
315,309
316,309
317,309
318,309
319,309
320,309
321,309
322,309
323,309
324,309
325,309
326,309
327,309
328,309
329,309
330,309
331,309
332,309
333,309
334,309
335,309
336,309
337,309
338,309
339,309
340,309
341,309
342,309
343,309
344,309
345,309
346,309
347,309
348,309
349,309
350,309
351,309
352,309
353,309
354,309
355,309
356,309
357,309
358,309
359,309
360,309
361,309
362,309
363,309
364,309
365,309
366,309
367,309
368,309
369,309
370,310
371,311
372,311
373,311
374,312
375,313
376,313
377,313
378,313
379,313
380,313
381,313
382,313
383,313
384,313
385,314
386,315
387,315
388,315
389,315
390,315
391,315
392,315
393,315
394,315
395,315
396,315
397,314
398,313
399,312
400,311
401,310
402,309
403,308
404,307
404,306
405,305
405,304
405,303
406,302
406,301
407,300
407,299
407,298
407,297
407,296
407,295
407,294
407,293
407,292
407,291
407,290
407,289
407,288
407,287
407,286
407,285
407,284
407,283
407,282
407,281
407,280
407,279
407,278
407,277
407,276
408,275
408,274
408,273
409,272
409,271
409,270
409,269
410,268
410,267
410,266
411,265
411,264
411,263
411,262
412,261
412,260
412,259
412,258
412,257
413,256
413,255
414,254
414,253
414,252
414,251
414,250
414,249
414,248
414,247
414,246
414,245
414,244
415,243
416,242
417,241
418,240
419,239
420,238
421,237
422,236
423,235
424,234
425,233
426,232
427,231
427,230
427,229
427,228
428,227
428,226
428,225
429,224
430,223
431,222
431,221
432,220
433,219
433,218
434,217
435,216
435,215
435,214
435,213
435,212
435,211
435,210
435,209
435,208
435,207
435,206
435,205
435,204
435,203
435,202
435,201
435,200
435,199
435,198
435,197
435,196
435,195
435,194
435,193
435,192
435,191
435,190
435,189
435,188
435,187
435,186
435,185
435,184
435,183
435,182
435,181
435,180
435,179
435,178
435,177
435,176
435,175
435,174
435,173
435,172
435,171
435,170
435,169
435,168
435,167
435,166
435,165
435,164
435,163
435,162
435,161
435,160
435,159
435,158
435,157
435,156
435,155
435,154
435,153
435,152
435,151
435,150
435,149
435,148
435,147
435,146
435,145
435,144
435,143
435,142
435,141
435,140
435,139
435,138
435,137
435,136
435,135
435,134
435,133
435,132
435,131
435,130
435,129
435,128
435,127
435,126
435,125
435,124
435,123
435,122
435,121
435,120
435,119
435,118
435,117
435,116
435,115
435,114
435,113
435,112
435,111
435,110
435,109
435,108
435,107
435,106
435,105
435,104
435,103
435,102
435,101
435,100
435,99
435,98
435,97
435,96
435,95
435,94
435,93
435,92
435,91
435,90
435,89
436,88
436,87
437,86
437,85
437,84
437,83
437,82
437,81
437,80
437,79
437,78
437,77
437,76
437,75
437,74
437,73
437,72
437,71
437,70
437,69
437,68
437,67
437,66
437,65
437,64
437,63
437,62
437,61
437,60
437,59
437,58
437,57
437,56
437,55
437,54
437,53
437,52
437,51
437,50
437,49
437,48
437,47
437,46
437,45
437,44
437,43
437,42
437,41
437,40
437,39
437,38
437,37
437,36
437,35
437,34
437,33
437,32
437,31
437,30
437,29
437,28
437,27
437,26
437,25
437,24
437,23
437,22
437,21
437,20
437,19
437,18
437,17
437,16
437,15
437,14
437,13
437,12
437,11
437,10
437,9
437,8
438,7
439,6
440,5
441,4
442,3
443,2
444,1
445,0
181,0
181,1
181,2
181,3
181,4
181,5
181,6
181,7
181,8
181,9
181,10
181,11
181,12
181,13
181,14
181,15
181,16
181,17
181,18
181,19
181,20
181,21
181,22
181,23
181,24
181,25
181,26
181,27
181,28
181,29
181,30
181,31
181,32
181,33
181,34
181,35
181,36
181,37
181,38
181,39
181,40
181,41
181,42
181,43
181,44
181,45
181,46
181,47
181,48
181,49
181,50
181,51
181,52
181,53
181,54
181,55
181,56
181,57
181,58
181,59
181,60
181,61
181,62
181,63
181,64
181,65
181,66
181,67
181,68
181,69
181,70
181,71
181,72
181,73
181,74
181,75
181,76
180,77
179,78
178,79
177,80
176,81
175,82
174,83
173,84
172,85
171,86
170,87
169,88
168,89
167,90
166,91
165,92
164,93
163,94
162,95
161,96
160,97
159,98
158,99
157,100
156,101
155,102
154,103
153,104
152,104
151,104
150,104
149,104
148,104
147,104
146,104
145,104
144,105
143,106
142,107
141,108
140,109
139,110
138,111
137,112
136,113
135,114
134,115
133,116
132,117
131,118
130,119
129,120
128,121
127,122
126,123
125,124
124,125
123,126
122,127
121,128
120,129
119,130
118,131
117,132
116,133
115,134
114,135
113,136
112,137
111,138
110,139
109,140
108,141
107,142
106,143
105,144
104,145
103,146
102,147
101,148
100,149
99,150
98,151
97,152
96,153
95,154
94,155
93,156
92,157
91,158
90,159
89,160
88,161
87,162
86,163
85,164
84,165
83,166
83,167
82,168
82,169
81,170
80,171
80,172
80,173
80,174
80,175
80,176
80,177
80,178
80,179
80,180
80,181
80,182
80,183
80,184
80,185
80,186
80,187
80,188
80,189
80,190
80,191
80,192
80,193
80,194
80,195
80,196
80,197
80,198
80,199
80,200
80,201
80,202
80,203
80,204
80,205
80,206
80,207
80,208
80,209
80,210
80,211
80,212
80,213
80,214
80,215
80,216
80,217
80,218
80,219
80,220
80,221
80,222
80,223
80,224
80,225
80,226
80,227
80,228
80,229
80,230
80,231
80,232
80,233
80,234
80,235
80,236
80,237
80,238
80,239
80,240
80,241
80,242
80,243
80,244
80,245
80,246
80,247
80,248
80,249
80,250
80,251
80,252
80,253
80,254
80,255
80,256
80,257
80,258
80,259
80,260
80,261
80,262
80,263
80,264
80,265
80,266
80,267
80,268
80,269
80,270
80,271
80,272
80,273
80,274
80,275
80,276
80,277
80,278
80,279
80,280
80,281
80,282
80,283
80,284
80,285
80,286
80,287
80,288
80,289
80,290
80,291
80,292
80,293
80,294
80,295
79,296
79,297
79,298
79,299
79,300
79,301
79,302
79,303
79,304
79,305
79,306
79,307
79,308
79,309
79,310
79,311
79,312
79,313
79,314
79,315
79,316
79,317
80,318
81,319
82,320
83,321
84,322
85,323
86,324
87,325
88,326
89,327
90,328
91,329
92,330
93,331
94,332
95,333
96,334
97,335
98,336
99,337
100,337
101,337
102,337
103,337
104,337
105,337
106,337
107,337
108,337
109,337
110,337
111,337
112,337
113,337
114,337
115,337
116,337
117,337
118,337
119,337
120,337
121,337
122,337
123,337
124,337
125,337
126,337
127,337
128,337
129,337
130,337
131,337
132,337
133,337
134,337
135,337
136,337
137,337
138,337
139,338
140,339
141,339
142,339
143,339
144,340
145,340
146,341
147,342
148,342
149,342
150,343
151,343
152,344
153,345
154,345
155,346
156,346
157,346
158,346
159,346
160,346
161,346
162,346
163,346
164,346
165,346
166,346
167,346
168,346
169,346
170,346
171,346
172,346
173,346
174,346
175,346
176,346
177,346
178,346
179,346
180,346
181,346
182,346
183,346
184,346
185,346
186,346
187,346
188,346
189,346
190,346
191,346
192,346
193,346
194,346
195,346
196,346
197,346
198,346
199,346
200,346
201,346
202,346
203,346
204,346
205,346
206,346
207,346
208,346
209,346
210,346
211,346
212,346
213,346
214,346
215,346
216,346
217,346
218,346
219,346
220,346
221,346
222,346
223,346
224,346
225,346
226,346
227,346
228,346
229,346
230,346
231,346
232,346
233,346
234,346
235,346
236,346
237,345
238,344
239,343
240,342
241,341
242,340
243,339
244,338
245,337
246,336
247,335
248,334
249,333
250,332
251,331
252,330
253,329
254,328
255,327
256,326
257,325
258,324
259,323
260,322
261,321
262,320
263,319
264,318
265,317
266,316
267,315
268,314
269,314
270,314
271,313
272,312
273,311
274,310
275,309
276,309
277,309
278,309
279,309
280,309
281,309
282,309
283,309
284,309
285,309
286,309
287,309
288,309
289,309
290,309
291,309
292,309
293,309
294,309
295,309
296,309
297,309
298,309
299,309
300,309
301,309
302,309
303,309
304,309
305,309
306,309
307,309
308,309
309,309
310,309
311,309
312,309
313,309
314,309
315,309
316,309
317,309
318,309
319,309
320,309
321,309
322,309
323,309
324,309
325,309
326,309
327,309
328,309
329,309
330,309
331,309
332,309
333,309
334,309
335,309
336,309
337,309
338,309
339,309
340,309
341,309
342,309
343,309
344,309
345,309
346,309
347,309
348,309
349,309
350,309
351,309
352,309
353,309
354,309
355,309
356,309
357,309
358,309
359,309
360,309
361,309
362,309
363,309
364,309
365,309
366,309
367,309
368,309
369,309
370,310
371,311
372,311
373,311
374,312
375,313
376,313
377,313
378,313
379,313
380,313
381,313
382,313
383,313
384,313
385,314
386,315
387,315
388,315
389,315
390,315
391,315
392,315
393,315
394,315
395,315
396,315
397,314
398,313
399,312
400,311
401,310
402,309
403,308
404,307
404,306
405,305
405,304
405,303
406,302
406,301
407,300
407,299
407,298
407,297
407,296
407,295
407,294
407,293
407,292
407,291
407,290
407,289
407,288
407,287
407,286
407,285
407,284
407,283
407,282
407,281
407,280
407,279
407,278
407,277
407,276
408,275
408,274
408,273
409,272
409,271
409,270
409,269
410,268
410,267
410,266
411,265
411,264
411,263
411,262
412,261
412,260
412,259
412,258
412,257
413,256
413,255
414,254
414,253
414,252
414,251
414,250
414,249
414,248
414,247
414,246
414,245
414,244
415,243
416,242
417,241
418,240
419,239
420,238
421,237
422,236
423,235
424,234
425,233
426,232
427,231
427,230
427,229
427,228
428,227
428,226
428,225
429,224
430,223
431,222
431,221
432,220
433,219
433,218
434,217
435,216
435,215
435,214
435,213
435,212
435,211
435,210
435,209
435,208
435,207
435,206
435,205
435,204
435,203
435,202
435,201
435,200
435,199
435,198
435,197
435,196
435,195
435,194
435,193
435,192
435,191
435,190
435,189
435,188
435,187
435,186
435,185
435,184
435,183
435,182
435,181
435,180
435,179
435,178
435,177
435,176
435,175
435,174
435,173
435,172
435,171
435,170
435,169
435,168
435,167
435,166
435,165
435,164
435,163
435,162
435,161
435,160
435,159
435,158
435,157
435,156
435,155
435,154
435,153
435,152
435,151
435,150
435,149
435,148
435,147
435,146
435,145
435,144
435,143
435,142
435,141
435,140
435,139
435,138
435,137
435,136
435,135
435,134
435,133
435,132
435,131
435,130
435,129
435,128
435,127
435,126
435,125
435,124
435,123
435,122
435,121
435,120
435,119
435,118
435,117
435,116
435,115
435,114
435,113
435,112
435,111
435,110
435,109
435,108
435,107
435,106
435,105
435,104
435,103
435,102
435,101
435,100
435,99
435,98
435,97
435,96
435,95
435,94
435,93
435,92
435,91
435,90
435,89
436,88
436,87
437,86
437,85
437,84
437,83
437,82
437,81
437,80
437,79
437,78
437,77
437,76
437,75
437,74
437,73
437,72
437,71
437,70
437,69
437,68
437,67
437,66
437,65
437,64
437,63
437,62
437,61
437,60
437,59
437,58
437,57
437,56
437,55
437,54
437,53
437,52
437,51
437,50
437,49
437,48
437,47
437,46
437,45
437,44
437,43
437,42
437,41
437,40
437,39
437,38
437,37
437,36
437,35
437,34
437,33
437,32
437,31
437,30
437,29
437,28
437,27
437,26
437,25
437,24
437,23
437,22
437,21
437,20
437,19
437,18
437,17
437,16
437,15
437,14
437,13
437,12
437,11
437,10
437,9
437,8
438,7
439,6
440,5
441,4
442,3
443,2
444,1
445,0
181,0
181,1
181,2
181,3
181,4
181,5
181,6
181,7
181,8
181,9
181,10
181,11
181,12
181,13
181,14
181,15
181,16
181,17
181,18
181,19
181,20
181,21
181,22
181,23
181,24
181,25
181,26
181,27
181,28
181,29
181,30
181,31
181,32
181,33
181,34
181,35
181,36
181,37
181,38
181,39
181,40
181,41
181,42
181,43
181,44
181,45
181,46
181,47
181,48
181,49
181,50
181,51
181,52
181,53
181,54
181,55
181,56
181,57
181,58
181,59
181,60
181,61
181,62
181,63
181,64
181,65
181,66
181,67
181,68
181,69
181,70
181,71
181,72
181,73
181,74
181,75
181,76
180,77
179,78
178,79
177,80
176,81
175,82
174,83
173,84
172,85
171,86
170,87
169,88
168,89
167,90
166,91
165,92
164,93
163,94
162,95
161,96
160,97
159,98
158,99
157,100
156,101
155,102
154,103
153,104
152,104
151,104
150,104
149,104
148,104
147,104
146,104
145,104
144,105
143,106
142,107
141,108
140,109
139,110
138,111
137,112
136,113
135,114
134,115
133,116
132,117
131,118
130,119
129,120
128,121
127,122
126,123
125,124
124,125
123,126
122,127
121,128
120,129
119,130
118,131
117,132
116,133
115,134
114,135
113,136
112,137
111,138
110,139
109,140
108,141
107,142
106,143
105,144
104,145
103,146
102,147
101,148
100,149
99,150
98,151
97,152
96,153
95,154
94,155
93,156
92,157
91,158
90,159
89,160
88,161
87,162
86,163
85,164
84,165
83,166
83,167
82,168
82,169
81,170
80,171
80,172
80,173
80,174
80,175
80,176
80,177
80,178
80,179
80,180
80,181
80,182
80,183
80,184
80,185
80,186
80,187
80,188
80,189
80,190
80,191
80,192
80,193
80,194
80,195
80,196
80,197
80,198
80,199
80,200
80,201
80,202
80,203
80,204
80,205
80,206
80,207
80,208
80,209
80,210
80,211
80,212
80,213
80,214
80,215
80,216
80,217
80,218
80,219
80,220
80,221
80,222
80,223
80,224
80,225
80,226
80,227
80,228
80,229
80,230
80,231
80,232
80,233
80,234
80,235
80,236
80,237
80,238
80,239
80,240
80,241
80,242
80,243
80,244
80,245
80,246
80,247
80,248
80,249
80,250
80,251
80,252
80,253
80,254
80,255
80,256
80,257
80,258
80,259
80,260
80,261
80,262
80,263
80,264
80,265
80,266
80,267
80,268
80,269
80,270
80,271
80,272
80,273
80,274
80,275
80,276
80,277
80,278
80,279
80,280
80,281
80,282
80,283
80,284
80,285
80,286
80,287
80,288
80,289
80,290
80,291
80,292
80,293
80,294
80,295
79,296
79,297
79,298
79,299
79,300
79,301
79,302
79,303
79,304
79,305
79,306
79,307
79,308
79,309
79,310
79,311
79,312
79,313
79,314
79,315
79,316
79,317
80,318
81,319
82,320
83,321
84,322
85,323
86,324
87,325
88,326
89,327
90,328
91,329
92,330
93,331
94,332
95,333
96,334
97,335
98,336
99,337
100,337
101,337
102,337
103,337
104,337
105,337
106,337
107,337
108,337
109,337
110,337
111,337
112,337
113,337
114,337
115,337
116,337
117,337
118,337
119,337
120,337
121,337
122,337
123,337
124,337
125,337
126,337
127,337
128,337
129,337
130,337
131,337
132,337
133,337
134,337
135,337
136,337
137,337
138,337
139,338
140,339
141,339
142,339
143,339
144,340
145,340
146,341
147,342
148,342
149,342
150,343
151,343
152,344
153,345
154,345
155,346
156,346
157,346
158,346
159,346
160,346
161,346
162,346
163,346
164,346
165,346
166,346
167,346
168,346
169,346
170,346
171,346
172,346
173,346
174,346
175,346
176,346
177,346
178,346
179,346
180,346
181,346
182,346
183,346
184,346
185,346
186,346
187,346
188,346
189,346
190,346
191,346
192,346
193,346
194,346
195,346
196,346
197,346
198,346
199,346
200,346
201,346
202,346
203,346
204,346
205,346
206,346
207,346
208,346
209,346
210,346
211,346
212,346
213,346
214,346
215,346
216,346
217,346
218,346
219,346
220,346
221,346
222,346
223,346
224,346
225,346
226,346
227,346
228,346
229,346
230,346
231,346
232,346
233,346
234,346
235,346
236,346
237,345
238,344
239,343
240,342
241,341
242,340
243,339
244,338
245,337
246,336
247,335
248,334
249,333
250,332
251,331
252,330
253,329
254,328
255,327
256,326
257,325
258,324
259,323
260,322
261,321
262,320
263,319
264,318
265,317
266,316
267,315
268,314
269,314
270,314
271,313
272,312
273,311
274,310
275,309
276,309
277,309
278,309
279,309
280,309
281,309
282,309
283,309
284,309
285,309
286,309
287,309
288,309
289,309
290,309
291,309
292,309
293,309
294,309
295,309
296,309
297,309
298,309
299,309
300,309
301,309
302,309
303,309
304,309
305,309
306,309
307,309
308,309
309,309
310,309
311,309
312,309
313,309
314,309
315,309
316,309
317,309
318,309
319,309
320,309
321,309
322,309
323,309
324,309
325,309
326,309
327,309
328,309
329,309
330,309
331,309
332,309
333,309
334,309
335,309
336,309
337,309
338,309
339,309
340,309
341,309
342,309
343,309
344,309
345,309
346,309
347,309
348,309
349,309
350,309
351,309
352,309
353,309
354,309
355,309
356,309
357,309
358,309
359,309
360,309
361,309
362,309
363,309
364,309
365,309
366,309
367,309
368,309
369,309
370,310
371,311
372,311
373,311
374,312
375,313
376,313
377,313
378,313
379,313
380,313
381,313
382,313
383,313
384,313
385,314
386,315
387,315
388,315
389,315
390,315
391,315
392,315
393,315
394,315
395,315
396,315
397,314
398,313
399,312
400,311
401,310
402,309
403,308
404,307
404,306
405,305
405,304
405,303
406,302
406,301
407,300
407,299
407,298
407,297
407,296
407,295
407,294
407,293
407,292
407,291
407,290
407,289
407,288
407,287
407,286
407,285
407,284
407,283
407,282
407,281
407,280
407,279
407,278
407,277
407,276
408,275
408,274
408,273
409,272
409,271
409,270
409,269
410,268
410,267
410,266
411,265
411,264
411,263
411,262
412,261
412,260
412,259
412,258
412,257
413,256
413,255
414,254
414,253
414,252
414,251
414,250
414,249
414,248
414,247
414,246
414,245
414,244
415,243
416,242
417,241
418,240
419,239
420,238
421,237
422,236
423,235
424,234
425,233
426,232
427,231
427,230
427,229
427,228
428,227
428,226
428,225
429,224
430,223
431,222
431,221
432,220
433,219
433,218
434,217
435,216
435,215
435,214
435,213
435,212
435,211
435,210
435,209
435,208
435,207
435,206
435,205
435,204
435,203
435,202
435,201
435,200
435,199
435,198
435,197
435,196
435,195
435,194
435,193
435,192
435,191
435,190
435,189
435,188
435,187
435,186
435,185
435,184
435,183
435,182
435,181
435,180
435,179
435,178
435,177
435,176
435,175
435,174
435,173
435,172
435,171
435,170
435,169
435,168
435,167
435,166
435,165
435,164
435,163
435,162
435,161
435,160
435,159
435,158
435,157
435,156
435,155
435,154
435,153
435,152
435,151
435,150
435,149
435,148
435,147
435,146
435,145
435,144
435,143
435,142
435,141
435,140
435,139
435,138
435,137
435,136
435,135
435,134
435,133
435,132
435,131
435,130
435,129
435,128
435,127
435,126
435,125
435,124
435,123
435,122
435,121
435,120
435,119
435,118
435,117
435,116
435,115
435,114
435,113
435,112
435,111
435,110
435,109
435,108
435,107
435,106
435,105
435,104
435,103
435,102
435,101
435,100
435,99
435,98
435,97
435,96
435,95
435,94
435,93
435,92
435,91
435,90
435,89
436,88
436,87
437,86
437,85
437,84
437,83
437,82
437,81
437,80
437,79
437,78
437,77
437,76
437,75
437,74
437,73
437,72
437,71
437,70
437,69
437,68
437,67
437,66
437,65
437,64
437,63
437,62
437,61
437,60
437,59
437,58
437,57
437,56
437,55
437,54
437,53
437,52
437,51
437,50
437,49
437,48
437,47
437,46
437,45
437,44
437,43
437,42
437,41
437,40
437,39
437,38
437,37
437,36
437,35
437,34
437,33
437,32
437,31
437,30
437,29
437,28
437,27
437,26
437,25
437,24
437,23
437,22
437,21
437,20
437,19
437,18
437,17
437,16
437,15
437,14
437,13
437,12
437,11
437,10
437,9
437,8
438,7
439,6
440,5
441,4
442,3
443,2
444,1
445,0
181,0
181,1
181,2
181,3
181,4
181,5
181,6
181,7
181,8
181,9
181,10
181,11
181,12
181,13
181,14
181,15
181,16
181,17
181,18
181,19
181,20
181,21
181,22
181,23
181,24
181,25
181,26
181,27
181,28
181,29
181,30
181,31
181,32
181,33
181,34
181,35
181,36
181,37
181,38
181,39
181,40
181,41
181,42
181,43
181,44
181,45
181,46
181,47
181,48
181,49
181,50
181,51
181,52
181,53
181,54
181,55
181,56
181,57
181,58
181,59
181,60
181,61
181,62
181,63
181,64
181,65
181,66
181,67
181,68
181,69
181,70
181,71
181,72
181,73
181,74
181,75
181,76
180,77
179,78
178,79
177,80
176,81
175,82
174,83
173,84
172,85
171,86
170,87
169,88
168,89
167,90
166,91
165,92
164,93
163,94
162,95
161,96
160,97
159,98
158,99
157,100
156,101
155,102
154,103
153,104
152,104
151,104
150,104
149,104
148,104
147,104
146,104
145,104
144,105
143,106
142,107
141,108
140,109
139,110
138,111
137,112
136,113
135,114
134,115
133,116
132,117
131,118
130,119
129,120
128,121
127,122
126,123
125,124
124,125
123,126
122,127
121,128
120,129
119,130
118,131
117,132
116,133
115,134
114,135
113,136
112,137
111,138
110,139
109,140
108,141
107,142
106,143
105,144
104,145
103,146
102,147
101,148
100,149
99,150
98,151
97,152
96,153
95,154
94,155
93,156
92,157
91,158
90,159
89,160
88,161
87,162
86,163
85,164
84,165
83,166
83,167
82,168
82,169
81,170
80,171
80,172
80,173
80,174
80,175
80,176
80,177
80,178
80,179
80,180
80,181
80,182
80,183
80,184
80,185
80,186
80,187
80,188
80,189
80,190
80,191
80,192
80,193
80,194
80,195
80,196
80,197
80,198
80,199
80,200
80,201
80,202
80,203
80,204
80,205
80,206
80,207
80,208
80,209
80,210
80,211
80,212
80,213
80,214
80,215
80,216
80,217
80,218
80,219
80,220
80,221
80,222
80,223
80,224
80,225
80,226
80,227
80,228
80,229
80,230
80,231
80,232
80,233
80,234
80,235
80,236
80,237
80,238
80,239
80,240
80,241
80,242
80,243
80,244
80,245
80,246
80,247
80,248
80,249
80,250
80,251
80,252
80,253
80,254
80,255
80,256
80,257
80,258
80,259
80,260
80,261
80,262
80,263
80,264
80,265
80,266
80,267
80,268
80,269
80,270
80,271
80,272
80,273
80,274
80,275
80,276
80,277
80,278
80,279
80,280
80,281
80,282
80,283
80,284
80,285
80,286
80,287
80,288
80,289
80,290
80,291
80,292
80,293
80,294
80,295
79,296
79,297
79,298
79,299
79,300
79,301
79,302
79,303
79,304
79,305
79,306
79,307
79,308
79,309
79,310
79,311
79,312
79,313
79,314
79,315
79,316
79,317
80,318
81,319
82,320
83,321
84,322
85,323
86,324
87,325
88,326
89,327
90,328
91,329
92,330
93,331
94,332
95,333
96,334
97,335
98,336
99,337
100,337
101,337
102,337
103,337
104,337
105,337
106,337
107,337
108,337
109,337
110,337
111,337
112,337
113,337
114,337
115,337
116,337
117,337
118,337
119,337
120,337
121,337
122,337
123,337
124,337
125,337
126,337
127,337
128,337
129,337
130,337
131,337
132,337
133,337
134,337
135,337
136,337
137,337
138,337
139,338
140,339
141,339
142,339
143,339
144,340
145,340
146,341
147,342
148,342
149,342
150,343
151,343
152,344
153,345
154,345
155,346
156,346
157,346
158,346
159,346
160,346
161,346
162,346
163,346
164,346
165,346
166,346
167,346
168,346
169,346
170,346
171,346
172,346
173,346
174,346
175,346
176,346
177,346
178,346
179,346
180,346
181,346
182,346
183,346
184,346
185,346
186,346
187,346
188,346
189,346
190,346
191,346
192,346
193,346
194,346
195,346
196,346
197,346
198,346
199,346
200,346
201,346
202,346
203,346
204,346
205,346
206,346
207,346
208,346
209,346
210,346
211,346
212,346
213,346
214,346
215,346
216,346
217,346
218,346
219,346
220,346
221,346
222,346
223,346
224,346
225,346
226,346
227,346
228,346
229,346
230,346
231,346
232,346
233,346
234,346
235,346
236,346
237,345
238,344
239,343
240,342
241,341
242,340
243,339
244,338
245,337
246,336
247,335
248,334
249,333
250,332
251,331
252,330
253,329
254,328
255,327
256,326
257,325
258,324
259,323
260,322
261,321
262,320
263,319
264,318
265,317
266,316
267,315
268,314
269,314
270,314
271,313
272,312
273,311
274,310
275,309
276,309
277,309
278,309
279,309
280,309
281,309
282,309
283,309
284,309
285,309
286,309
287,309
288,309
289,309
290,309
291,309
292,309
293,309
294,309
295,309
296,309
297,309
298,309
299,309
300,309
301,309
302,309
303,309
304,309
305,309
306,309
307,309
308,309
309,309
310,309
311,309
312,309
313,309
314,309
315,309
316,309
317,309
318,309
319,309
320,309
321,309
322,309
323,309
324,309
325,309
326,309
327,309
328,309
329,309
330,309
331,309
332,309
333,309
334,309
335,309
336,309
337,309
338,309
339,309
340,309
341,309
342,309
343,309
344,309
345,309
346,309
347,309
348,309
349,309
350,309
351,309
352,309
353,309
354,309
355,309
356,309
357,309
358,309
359,309
360,309
361,309
362,309
363,309
364,309
365,309
366,309
367,309
368,309
369,309
370,310
371,311
372,311
373,311
374,312
375,313
376,313
377,313
378,313
379,313
380,313
381,313
382,313
383,313
384,313
385,314
386,315
387,315
388,315
389,315
390,315
391,315
392,315
393,315
394,315
395,315
396,315
397,314
398,313
399,312
400,311
401,310
402,309
403,308
404,307
404,306
405,305
405,304
405,303
406,302
406,301
407,300
407,299
407,298
407,297
407,296
407,295
407,294
407,293
407,292
407,291
407,290
407,289
407,288
407,287
407,286
407,285
407,284
407,283
407,282
407,281
407,280
407,279
407,278
407,277
407,276
408,275
408,274
408,273
409,272
409,271
409,270
409,269
410,268
410,267
410,266
411,265
411,264
411,263
411,262
412,261
412,260
412,259
412,258
412,257
413,256
413,255
414,254
414,253
414,252
414,251
414,250
414,249
414,248
414,247
414,246
414,245
414,244
415,243
416,242
417,241
418,240
419,239
420,238
421,237
422,236
423,235
424,234
425,233
426,232
427,231
427,230
427,229
427,228
428,227
428,226
428,225
429,224
430,223
431,222
431,221
432,220
433,219
433,218
434,217
435,216
435,215
435,214
435,213
435,212
435,211
435,210
435,209
435,208
435,207
435,206
435,205
435,204
435,203
435,202
435,201
435,200
435,199
435,198
435,197
435,196
435,195
435,194
435,193
435,192
435,191
435,190
435,189
435,188
435,187
435,186
435,185
435,184
435,183
435,182
435,181
435,180
435,179
435,178
435,177
435,176
435,175
435,174
435,173
435,172
435,171
435,170
435,169
435,168
435,167
435,166
435,165
435,164
435,163
435,162
435,161
435,160
435,159
435,158
435,157
435,156
435,155
435,154
435,153
435,152
435,151
435,150
435,149
435,148
435,147
435,146
435,145
435,144
435,143
435,142
435,141
435,140
435,139
435,138
435,137
435,136
435,135
435,134
435,133
435,132
435,131
435,130
435,129
435,128
435,127
435,126
435,125
435,124
435,123
435,122
435,121
435,120
435,119
435,118
435,117
435,116
435,115
435,114
435,113
435,112
435,111
435,110
435,109
435,108
435,107
435,106
435,105
435,104
435,103
435,102
435,101
435,100
435,99
435,98
435,97
435,96
435,95
435,94
435,93
435,92
435,91
435,90
435,89
436,88
436,87
437,86
437,85
437,84
437,83
437,82
437,81
437,80
437,79
437,78
437,77
437,76
437,75
437,74
437,73
437,72
437,71
437,70
437,69
437,68
437,67
437,66
437,65
437,64
437,63
437,62
437,61
437,60
437,59
437,58
437,57
437,56
437,55
437,54
437,53
437,52
437,51
437,50
437,49
437,48
437,47
437,46
437,45
437,44
437,43
437,42
437,41
437,40
437,39
437,38
437,37
437,36
437,35
437,34
437,33
437,32
437,31
437,30
437,29
437,28
437,27
437,26
437,25
437,24
437,23
437,22
437,21
437,20
437,19
437,18
437,17
437,16
437,15
437,14
437,13
437,12
437,11
437,10
437,9
437,8
438,7
439,6
440,5
441,4
442,3
443,2
444,1
445,0
