976,987
976,986
976,985
976,984
976,983
976,982
976,981
976,980
976,979
976,978
976,977
976,976
976,975
976,974
976,973
976,972
975,971
975,970
975,969
974,968
974,967
973,966
972,965
972,964
972,963
972,962
972,961
972,960
972,959
972,958
972,957
972,956
972,955
972,954
972,953
972,952
972,951
972,950
972,949
972,948
971,947
970,946
969,945
968,944
967,943
967,942
966,941
966,940
966,939
966,938
966,937
966,936
966,935
966,934
966,933
966,932
966,931
966,930
965,929
965,928
964,927
963,926
963,925
963,924
962,923
961,922
961,921
961,920
960,919
960,918
959,917
958,916
958,915
958,914
957,913
956,912
955,911
955,910
955,909
954,908
954,907
953,906
952,905
952,904
952,903
951,902
951,901
950,900
949,899
949,898
948,897
947,896
947,895
947,894
946,893
946,892
945,891
944,890
944,889
944,888
944,887
943,886
943,885
942,884
941,883
941,882
941,881
940,880
940,879
939,878
938,877
938,876
937,875
936,874
936,873
936,872
935,871
935,870
935,869
935,868
934,867
933,866
933,865
933,864
932,863
932,862
931,861
930,860
930,859
930,858
929,857
929,856
928,855
927,854
927,853
927,852
927,851
927,850
927,849
927,848
927,847
927,846
927,845
927,844
927,843
927,842
927,841
927,840
927,839
927,838
927,837
927,836
927,835
927,834
927,833
928,832
929,831
930,830
931,829
932,828
933,827
934,826
935,825
936,824
937,823
938,822
939,821
939,820
939,819
939,818
939,817
939,816
938,815
937,814
936,813
935,812
934,811
933,810
932,809
931,808
930,807
930,806
930,805
929,804
928,803
927,802
926,801
925,800
924,799
924,798
923,797
922,796
922,795
921,794
921,793
920,792
919,791
918,790
917,789
916,788
915,787
914,786
913,785
912,784
911,783
911,782
910,781
909,780
908,779
907,778
906,777
905,776
905,775
904,774
903,773
902,772
901,771
900,770
899,769
898,768
897,767
896,766
895,765
894,764
893,763
892,762
891,761
890,760
889,759
888,758
887,758
886,758
885,758
884,758
883,758
882,758
881,758
880,758
879,758
878,758
877,758
876,758
875,758
874,757
873,756
872,755
871,754
870,753
869,752
868,751
867,750
866,749
865,748
864,747
863,746
862,745
861,744
860,743
859,742
858,741
857,741
856,741
855,741
854,741
853,741
852,741
851,742
850,742
849,742
848,742
847,742
846,741
845,740
844,739
843,738
842,737
841,736
840,735
839,734
838,733
837,732
836,731
835,730
834,729
833,728
832,727
831,727
830,726
829,726
828,726
827,726
826,726
825,726
824,727
823,727
822,728
821,728
820,729
819,730
818,731
817,732
816,733
815,733
814,733
813,734
812,735
811,736
810,737
809,737
808,738
807,739
806,740
805,741
804,742
803,742
802,743
801,744
800,744
799,745
798,746
797,747
796,747
795,748
794,749
793,750
792,751
791,752
790,752
789,752
788,753
787,754
786,755
785,755
784,755
783,755
782,755
781,755
780,755
779,754
778,753
777,752
776,751
775,750
774,749
773,748
772,747
771,746
770,745
769,744
768,743
767,742
766,741
765,740
764,739
763,738
762,738
761,738
760,738
759,738
758,738
757,738
756,738
755,738
754,738
753,738
752,738
751,738
750,738
749,738
748,738
747,738
746,739
745,740
744,741
743,742
742,742
741,743
740,743
739,743
738,743
737,743
736,743
735,742
734,741
733,740
733,739
732,738
732,737
731,736
730,735
730,734
730,733
729,732
729,731
728,730
727,729
727,728
727,727
726,726
726,725
726,724
725,723
724,722
724,721
723,720
722,719
722,718
721,717
720,716
719,715
719,714
719,713
718,712
717,711
716,710
715,709
714,708
713,707
712,706
711,705
710,705
709,705
708,705
707,705
706,705
705,705
704,705
703,705
702,706
701,706
700,707
699,708
698,708
697,708
696,707
696,706
695,705
694,704
694,703
694,702
693,701
693,700
693,699
692,698
691,697
691,696
691,695
690,694
690,693
689,692
688,691
688,690
687,689
686,688
686,687
686,686
685,685
685,684
684,683
683,682
683,681
683,680
682,679
682,678
681,677
680,676
680,675
679,674
678,673
677,672
676,671
675,670
674,669
673,669
672,668
671,667
670,666
669,665
668,664
667,663
666,662
665,661
664,660
663,659
662,658
661,657
660,656
659,655
658,654
658,653
657,652
657,651
657,650
657,649
656,648
655,647
655,646
655,645
655,644
655,643
655,642
654,641
654,640
654,639
654,638
654,637
654,636
653,635
652,634
652,633
652,632
652,631
652,630
651,629
651,628
651,627
651,626
651,625
650,624
649,623
648,622
647,621
646,620
645,619
644,618
643,617
642,616
641,615
640,614
639,613
638,612
637,611
636,610
635,609
634,608
633,607
632,606
631,605
630,604
629,603
628,602
627,601
626,601
625,601
624,601
623,601
622,601
621,601
620,601
619,601
618,601
617,601
616,601
615,601
614,601
613,601
612,601
611,601
610,601
609,601
608,602
607,602
606,602
605,602
604,603
603,603
602,603
601,603
600,604
599,605
598,605
597,605
596,605
595,605
594,605
593,606
592,606
591,606
590,606
589,607
588,608
587,608
586,608
585,608
584,608
583,608
582,609
581,609
580,609
579,609
578,610
577,611
576,611
575,611
574,611
573,611
572,612
571,612
570,612
569,612
568,612
567,613
566,614
565,614
564,614
563,614
562,614
561,615
560,616
559,616
558,616
557,616
556,616
555,616
554,616
553,616
552,616
551,616
550,616
549,616
548,616
547,616
546,616
545,616
544,616
543,616
542,616
541,616
540,616
539,616
538,616
537,616
536,616
535,615
534,615
533,614
532,613
531,613
530,612
529,611
528,611
527,610
526,610
525,609
524,608
523,608
522,608
521,607
520,607
519,606
518,605
517,605
516,605
515,604
514,604
513,604
512,603
511,602
510,602
509,602
508,601
507,600
506,599
505,598
504,597
503,597
502,596
501,595
500,594
499,593
498,592
497,591
496,590
495,589
494,588
493,587
492,586
491,585
491,584
491,583
490,582
489,581
488,580
487,579
486,578
485,577
484,577
483,577
482,577
481,577
480,577
479,577
478,577
477,577
476,577
475,577
474,577
473,577
472,577
471,577
470,577
469,577
468,577
467,577
466,577
465,576
465,575
465,574
464,573
463,572
463,571
463,570
462,569
461,568
461,567
461,566
461,565
461,564
461,563
461,562
460,561
460,560
460,559
459,558
458,557
458,556
458,555
458,554
458,553
458,552
457,551
457,550
457,549
457,548
456,547
455,546
455,545
455,544
455,543
455,542
454,541
454,540
454,539
454,538
454,537
454,536
454,535
453,534
452,533
452,532
452,531
452,530
451,529
451,528
451,527
451,526
451,525
451,524
450,523
449,522
449,521
449,520
448,519
447,518
447,517
447,516
447,515
447,514
447,513
447,512
446,511
446,510
446,509
446,508
446,507
445,506
444,505
444,504
444,503
444,502
444,501
444,500
443,499
443,498
443,497
443,496
443,495
443,494
443,493
443,492
443,491
443,490
443,489
443,488
443,487
443,486
442,485
441,484
440,483
440,482
439,481
438,480
438,479
438,478
438,477
438,476
437,475
436,474
436,473
436,472
436,471
436,470
435,469
435,468
435,467
435,466
435,465
434,464
433,463
433,462
433,461
433,460
433,459
433,458
432,457
432,456
432,455
432,454
432,453
431,452
430,451
430,450
430,449
430,448
430,447
429,446
429,445
429,444
429,443
428,442
427,441
427,440
427,439
427,438
427,437
427,436
426,435
426,434
426,433
426,432
425,431
424,430
424,429
424,428
423,427
422,426
422,425
422,424
422,423
422,422
422,421
422,420
421,419
421,418
421,417
420,416
419,415
419,414
419,413
419,412
419,411
418,410
418,409
418,408
418,407
418,406
418,405
418,404
418,403
418,402
418,401
418,400
418,399
418,398
418,397
418,396
418,395
418,394
418,393
419,392
420,391
976,987
976,986
976,985
976,984
976,983
976,982
976,981
976,980
976,979
976,978
976,977
976,976
976,975
976,974
976,973
976,972
975,971
975,970
975,969
974,968
974,967
973,966
972,965
972,964
972,963
972,962
972,961
972,960
972,959
972,958
972,957
972,956
972,955
972,954
972,953
972,952
972,951
972,950
972,949
972,948
971,947
970,946
969,945
968,944
967,943
967,942
966,941
966,940
966,939
966,938
966,937
966,936
966,935
966,934
966,933
966,932
966,931
966,930
965,929
965,928
964,927
963,926
963,925
963,924
962,923
961,922
961,921
961,920
960,919
960,918
959,917
958,916
958,915
958,914
957,913
956,912
955,911
955,910
955,909
954,908
954,907
953,906
952,905
952,904
952,903
951,902
951,901
950,900
949,899
949,898
948,897
947,896
947,895
947,894
946,893
946,892
945,891
944,890
944,889
944,888
944,887
943,886
943,885
942,884
941,883
941,882
941,881
940,880
940,879
939,878
938,877
938,876
937,875
936,874
936,873
936,872
935,871
935,870
935,869
935,868
934,867
933,866
933,865
933,864
932,863
932,862
931,861
930,860
930,859
930,858
929,857
929,856
928,855
927,854
927,853
927,852
927,851
927,850
927,849
927,848
927,847
927,846
927,845
927,844
927,843
927,842
927,841
927,840
927,839
927,838
927,837
927,836
927,835
927,834
927,833
928,832
929,831
930,830
931,829
932,828
933,827
934,826
935,825
936,824
937,823
938,822
939,821
939,820
939,819
939,818
939,817
939,816
938,815
937,814
936,813
935,812
934,811
933,810
932,809
931,808
930,807
930,806
930,805
929,804
928,803
927,802
926,801
925,800
924,799
924,798
923,797
922,796
922,795
921,794
921,793
920,792
919,791
918,790
917,789
916,788
915,787
914,786
913,785
912,784
911,783
911,782
910,781
909,780
908,779
907,778
906,777
905,776
905,775
904,774
903,773
902,772
901,771
900,770
899,769
898,768
897,767
896,766
895,765
894,764
893,763
892,762
891,761
890,760
889,759
888,758
887,758
886,758
885,758
884,758
883,758
882,758
881,758
880,758
879,758
878,758
877,758
876,758
875,758
874,757
873,756
872,755
871,754
870,753
869,752
868,751
867,750
866,749
865,748
864,747
863,746
862,745
861,744
860,743
859,742
858,741
857,741
856,741
855,741
854,741
853,741
852,741
851,742
850,742
849,742
848,742
847,742
846,741
845,740
844,739
843,738
842,737
841,736
840,735
839,734
838,733
837,732
836,731
835,730
834,729
833,728
832,727
831,727
830,726
829,726
828,726
827,726
826,726
825,726
824,727
823,727
822,728
821,728
820,729
819,730
818,731
817,732
816,733
815,733
814,733
813,734
812,735
811,736
810,737
809,737
808,738
807,739
806,740
805,741
804,742
803,742
802,743
801,744
800,744
799,745
798,746
797,747
796,747
795,748
794,749
793,750
792,751
791,752
790,752
789,752
788,753
787,754
786,755
785,755
784,755
783,755
782,755
781,755
780,755
779,754
778,753
777,752
776,751
775,750
774,749
773,748
772,747
771,746
770,745
769,744
768,743
767,742
766,741
765,740
764,739
763,738
762,738
761,738
760,738
759,738
758,738
757,738
756,738
755,738
754,738
753,738
752,738
751,738
750,738
749,738
748,738
747,738
746,739
745,740
744,741
743,742
742,742
741,743
740,743
739,743
738,743
737,743
736,743
735,742
734,741
733,740
733,739
732,738
732,737
731,736
730,735
730,734
730,733
729,732
729,731
728,730
727,729
727,728
727,727
726,726
726,725
726,724
725,723
724,722
724,721
723,720
722,719
722,718
721,717
720,716
719,715
719,714
719,713
718,712
717,711
716,710
715,709
714,708
713,707
712,706
711,705
710,705
709,705
708,705
707,705
706,705
705,705
704,705
703,705
702,706
701,706
700,707
699,708
698,708
697,708
696,707
696,706
695,705
694,704
694,703
694,702
693,701
693,700
693,699
692,698
691,697
691,696
691,695
690,694
690,693
689,692
688,691
688,690
687,689
686,688
686,687
686,686
685,685
685,684
684,683
683,682
683,681
683,680
682,679
682,678
681,677
680,676
680,675
679,674
678,673
677,672
676,671
675,670
674,669
673,669
672,668
671,667
670,666
669,665
668,664
667,663
666,662
665,661
664,660
663,659
662,658
661,657
660,656
659,655
658,654
658,653
657,652
657,651
657,650
657,649
656,648
655,647
655,646
655,645
655,644
655,643
655,642
654,641
654,640
654,639
654,638
654,637
654,636
653,635
652,634
652,633
652,632
652,631
652,630
651,629
651,628
651,627
651,626
651,625
650,624
649,623
648,622
647,621
646,620
645,619
644,618
643,617
642,616
641,615
640,614
639,613
638,612
637,611
636,610
635,609
634,608
633,607
632,606
631,605
630,604
629,603
628,602
627,601
626,601
625,601
624,601
623,601
622,601
621,601
620,601
619,601
618,601
617,601
616,601
615,601
614,601
613,601
612,601
611,601
610,601
609,601
608,602
607,602
606,602
605,602
604,603
603,603
602,603
601,603
600,604
599,605
598,605
597,605
596,605
595,605
594,605
593,606
592,606
591,606
590,606
589,607
588,608
587,608
586,608
585,608
584,608
583,608
582,609
581,609
580,609
579,609
578,610
577,611
576,611
575,611
574,611
573,611
572,612
571,612
570,612
569,612
568,612
567,613
566,614
565,614
564,614
563,614
562,614
561,615
560,616
559,616
558,616
557,616
556,616
555,616
554,616
553,616
552,616
551,616
550,616
549,616
548,616
547,616
546,616
545,616
544,616
543,616
542,616
541,616
540,616
539,616
538,616
537,616
536,616
535,615
534,615
533,614
532,613
531,613
530,612
529,611
528,611
527,610
526,610
525,609
524,608
523,608
522,608
521,607
520,607
519,606
518,605
517,605
516,605
515,604
514,604
513,604
512,603
511,602
510,602
509,602
508,601
507,600
506,599
505,598
504,597
503,597
502,596
501,595
500,594
499,593
498,592
497,591
496,590
495,589
494,588
493,587
492,586
491,585
491,584
491,583
490,582
489,581
488,580
487,579
486,578
485,577
484,577
483,577
482,577
481,577
480,577
479,577
478,577
477,577
476,577
475,577
474,577
473,577
472,577
471,577
470,577
469,577
468,577
467,577
466,577
465,576
465,575
465,574
464,573
463,572
463,571
463,570
462,569
461,568
461,567
461,566
461,565
461,564
461,563
461,562
460,561
460,560
460,559
459,558
458,557
458,556
458,555
458,554
458,553
458,552
457,551
457,550
457,549
457,548
456,547
455,546
455,545
455,544
455,543
455,542
454,541
454,540
454,539
454,538
454,537
454,536
454,535
453,534
452,533
452,532
452,531
452,530
451,529
451,528
451,527
451,526
451,525
451,524
450,523
449,522
449,521
449,520
448,519
447,518
447,517
447,516
447,515
447,514
447,513
447,512
446,511
446,510
446,509
446,508
446,507
445,506
444,505
444,504
444,503
444,502
444,501
444,500
443,499
443,498
443,497
443,496
443,495
443,494
443,493
443,492
443,491
443,490
443,489
443,488
443,487
443,486
442,485
441,484
440,483
440,482
439,481
438,480
438,479
438,478
438,477
438,476
437,475
436,474
436,473
436,472
436,471
436,470
435,469
435,468
435,467
435,466
435,465
434,464
433,463
433,462
433,461
433,460
433,459
433,458
432,457
432,456
432,455
432,454
432,453
431,452
430,451
430,450
430,449
430,448
430,447
429,446
429,445
429,444
429,443
428,442
427,441
427,440
427,439
427,438
427,437
427,436
426,435
426,434
426,433
426,432
425,431
424,430
424,429
424,428
423,427
422,426
422,425
422,424
422,423
422,422
422,421
422,420
421,419
421,418
421,417
420,416
419,415
419,414
419,413
419,412
419,411
418,410
418,409
418,408
418,407
418,406
418,405
418,404
418,403
418,402
418,401
418,400
418,399
418,398
418,397
418,396
418,395
418,394
418,393
419,392
420,391
976,987
976,986
976,985
976,984
976,983
976,982
976,981
976,980
976,979
976,978
976,977
976,976
976,975
976,974
976,973
976,972
975,971
975,970
975,969
974,968
974,967
973,966
972,965
972,964
972,963
972,962
972,961
972,960
972,959
972,958
972,957
972,956
972,955
972,954
972,953
972,952
972,951
972,950
972,949
972,948
971,947
970,946
969,945
968,944
967,943
967,942
966,941
966,940
966,939
966,938
966,937
966,936
966,935
966,934
966,933
966,932
966,931
966,930
965,929
965,928
964,927
963,926
963,925
963,924
962,923
961,922
961,921
961,920
960,919
960,918
959,917
958,916
958,915
958,914
957,913
956,912
955,911
955,910
955,909
954,908
954,907
953,906
952,905
952,904
952,903
951,902
951,901
950,900
949,899
949,898
948,897
947,896
947,895
947,894
946,893
946,892
945,891
944,890
944,889
944,888
944,887
943,886
943,885
942,884
941,883
941,882
941,881
940,880
940,879
939,878
938,877
938,876
937,875
936,874
936,873
936,872
935,871
935,870
935,869
935,868
934,867
933,866
933,865
933,864
932,863
932,862
931,861
930,860
930,859
930,858
929,857
929,856
928,855
927,854
927,853
927,852
927,851
927,850
927,849
927,848
927,847
927,846
927,845
927,844
927,843
927,842
927,841
927,840
927,839
927,838
927,837
927,836
927,835
927,834
927,833
928,832
929,831
930,830
931,829
932,828
933,827
934,826
935,825
936,824
937,823
938,822
939,821
939,820
939,819
939,818
939,817
939,816
938,815
937,814
936,813
935,812
934,811
933,810
932,809
931,808
930,807
930,806
930,805
929,804
928,803
927,802
926,801
925,800
924,799
924,798
923,797
922,796
922,795
921,794
921,793
920,792
919,791
918,790
917,789
916,788
915,787
914,786
913,785
912,784
911,783
911,782
910,781
909,780
908,779
907,778
906,777
905,776
905,775
904,774
903,773
902,772
901,771
900,770
899,769
898,768
897,767
896,766
895,765
894,764
893,763
892,762
891,761
890,760
889,759
888,758
887,758
886,758
885,758
884,758
883,758
882,758
881,758
880,758
879,758
878,758
877,758
876,758
875,758
874,757
873,756
872,755
871,754
870,753
869,752
868,751
867,750
866,749
865,748
864,747
863,746
862,745
861,744
860,743
859,742
858,741
857,741
856,741
855,741
854,741
853,741
852,741
851,742
850,742
849,742
848,742
847,742
846,741
845,740
844,739
843,738
842,737
841,736
840,735
839,734
838,733
837,732
836,731
835,730
834,729
833,728
832,727
831,727
830,726
829,726
828,726
827,726
826,726
825,726
824,727
823,727
822,728
821,728
820,729
819,730
818,731
817,732
816,733
815,733
814,733
813,734
812,735
811,736
810,737
809,737
808,738
807,739
806,740
805,741
804,742
803,742
802,743
801,744
800,744
799,745
798,746
797,747
796,747
795,748
794,749
793,750
792,751
791,752
790,752
789,752
788,753
787,754
786,755
785,755
784,755
783,755
782,755
781,755
780,755
779,754
778,753
777,752
776,751
775,750
774,749
773,748
772,747
771,746
770,745
769,744
768,743
767,742
766,741
765,740
764,739
763,738
762,738
761,738
760,738
759,738
758,738
757,738
756,738
755,738
754,738
753,738
752,738
751,738
750,738
749,738
748,738
747,738
746,739
745,740
744,741
743,742
742,742
741,743
740,743
739,743
738,743
737,743
736,743
735,742
734,741
733,740
733,739
732,738
732,737
731,736
730,735
730,734
730,733
729,732
729,731
728,730
727,729
727,728
727,727
726,726
726,725
726,724
725,723
724,722
724,721
723,720
722,719
722,718
721,717
720,716
719,715
719,714
719,713
718,712
717,711
716,710
715,709
714,708
713,707
712,706
711,705
710,705
709,705
708,705
707,705
706,705
705,705
704,705
703,705
702,706
701,706
700,707
699,708
698,708
697,708
696,707
696,706
695,705
694,704
694,703
694,702
693,701
693,700
693,699
692,698
691,697
691,696
691,695
690,694
690,693
689,692
688,691
688,690
687,689
686,688
686,687
686,686
685,685
685,684
684,683
683,682
683,681
683,680
682,679
682,678
681,677
680,676
680,675
679,674
678,673
677,672
676,671
675,670
674,669
673,669
672,668
671,667
670,666
669,665
668,664
667,663
666,662
665,661
664,660
663,659
662,658
661,657
660,656
659,655
658,654
658,653
657,652
657,651
657,650
657,649
656,648
655,647
655,646
655,645
655,644
655,643
655,642
654,641
654,640
654,639
654,638
654,637
654,636
653,635
652,634
652,633
652,632
652,631
652,630
651,629
651,628
651,627
651,626
651,625
650,624
649,623
648,622
647,621
646,620
645,619
644,618
643,617
642,616
641,615
640,614
639,613
638,612
637,611
636,610
635,609
634,608
633,607
632,606
631,605
630,604
629,603
628,602
627,601
626,601
625,601
624,601
623,601
622,601
621,601
620,601
619,601
618,601
617,601
616,601
615,601
614,601
613,601
612,601
611,601
610,601
609,601
608,602
607,602
606,602
605,602
604,603
603,603
602,603
601,603
600,604
599,605
598,605
597,605
596,605
595,605
594,605
593,606
592,606
591,606
590,606
589,607
588,608
587,608
586,608
585,608
584,608
583,608
582,609
581,609
580,609
579,609
578,610
577,611
576,611
575,611
574,611
573,611
572,612
571,612
570,612
569,612
568,612
567,613
566,614
565,614
564,614
563,614
562,614
561,615
560,616
559,616
558,616
557,616
556,616
555,616
554,616
553,616
552,616
551,616
550,616
549,616
548,616
547,616
546,616
545,616
544,616
543,616
542,616
541,616
540,616
539,616
538,616
537,616
536,616
535,615
534,615
533,614
532,613
531,613
530,612
529,611
528,611
527,610
526,610
525,609
524,608
523,608
522,608
521,607
520,607
519,606
518,605
517,605
516,605
515,604
514,604
513,604
512,603
511,602
510,602
509,602
508,601
507,600
506,599
505,598
504,597
503,597
502,596
501,595
500,594
499,593
498,592
497,591
496,590
495,589
494,588
493,587
492,586
491,585
491,584
491,583
490,582
489,581
488,580
487,579
486,578
485,577
484,577
483,577
482,577
481,577
480,577
479,577
478,577
477,577
476,577
475,577
474,577
473,577
472,577
471,577
470,577
469,577
468,577
467,577
466,577
465,576
465,575
465,574
464,573
463,572
463,571
463,570
462,569
461,568
461,567
461,566
461,565
461,564
461,563
461,562
460,561
460,560
460,559
459,558
458,557
458,556
458,555
458,554
458,553
458,552
457,551
457,550
457,549
457,548
456,547
455,546
455,545
455,544
455,543
455,542
454,541
454,540
454,539
454,538
454,537
454,536
454,535
453,534
452,533
452,532
452,531
452,530
451,529
451,528
451,527
451,526
451,525
451,524
450,523
449,522
449,521
449,520
448,519
447,518
447,517
447,516
447,515
447,514
447,513
447,512
446,511
446,510
446,509
446,508
446,507
445,506
444,505
444,504
444,503
444,502
444,501
444,500
443,499
443,498
443,497
443,496
443,495
443,494
443,493
443,492
443,491
443,490
443,489
443,488
443,487
443,486
442,485
441,484
440,483
440,482
439,481
438,480
438,479
438,478
438,477
438,476
437,475
436,474
436,473
436,472
436,471
436,470
435,469
435,468
435,467
435,466
435,465
434,464
433,463
433,462
433,461
433,460
433,459
433,458
432,457
432,456
432,455
432,454
432,453
431,452
430,451
430,450
430,449
430,448
430,447
429,446
429,445
429,444
429,443
428,442
427,441
427,440
427,439
427,438
427,437
427,436
426,435
426,434
426,433
426,432
425,431
424,430
424,429
424,428
423,427
422,426
422,425
422,424
422,423
422,422
422,421
422,420
421,419
421,418
421,417
420,416
419,415
419,414
419,413
419,412
419,411
418,410
418,409
418,408
418,407
418,406
418,405
418,404
418,403
418,402
418,401
418,400
418,399
418,398
418,397
418,396
418,395
418,394
418,393
419,392
420,391
976,987
976,986
976,985
976,984
976,983
976,982
976,981
976,980
976,979
976,978
976,977
976,976
976,975
976,974
976,973
976,972
975,971
975,970
975,969
974,968
974,967
973,966
972,965
972,964
972,963
972,962
972,961
972,960
972,959
972,958
972,957
972,956
972,955
972,954
972,953
972,952
972,951
972,950
972,949
972,948
971,947
970,946
969,945
968,944
967,943
967,942
966,941
966,940
966,939
966,938
966,937
966,936
966,935
966,934
966,933
966,932
966,931
966,930
965,929
965,928
964,927
963,926
963,925
963,924
962,923
961,922
961,921
961,920
960,919
960,918
959,917
958,916
958,915
958,914
957,913
956,912
955,911
955,910
955,909
954,908
954,907
953,906
952,905
952,904
952,903
951,902
951,901
950,900
949,899
949,898
948,897
947,896
947,895
947,894
946,893
946,892
945,891
944,890
944,889
944,888
944,887
943,886
943,885
942,884
941,883
941,882
941,881
940,880
940,879
939,878
938,877
938,876
937,875
936,874
936,873
936,872
935,871
935,870
935,869
935,868
934,867
933,866
933,865
933,864
932,863
932,862
931,861
930,860
930,859
930,858
929,857
929,856
928,855
927,854
927,853
927,852
927,851
927,850
927,849
927,848
927,847
927,846
927,845
927,844
927,843
927,842
927,841
927,840
927,839
927,838
927,837
927,836
927,835
927,834
927,833
928,832
929,831
930,830
931,829
932,828
933,827
934,826
935,825
936,824
937,823
938,822
939,821
939,820
939,819
939,818
939,817
939,816
938,815
937,814
936,813
935,812
934,811
933,810
932,809
931,808
930,807
930,806
930,805
929,804
928,803
927,802
926,801
925,800
924,799
924,798
923,797
922,796
922,795
921,794
921,793
920,792
919,791
918,790
917,789
916,788
915,787
914,786
913,785
912,784
911,783
911,782
910,781
909,780
908,779
907,778
906,777
905,776
905,775
904,774
903,773
902,772
901,771
900,770
899,769
898,768
897,767
896,766
895,765
894,764
893,763
892,762
891,761
890,760
889,759
888,758
887,758
886,758
885,758
884,758
883,758
882,758
881,758
880,758
879,758
878,758
877,758
876,758
875,758
874,757
873,756
872,755
871,754
870,753
869,752
868,751
867,750
866,749
865,748
864,747
863,746
862,745
861,744
860,743
859,742
858,741
857,741
856,741
855,741
854,741
853,741
852,741
851,742
850,742
849,742
848,742
847,742
846,741
845,740
844,739
843,738
842,737
841,736
840,735
839,734
838,733
837,732
836,731
835,730
834,729
833,728
832,727
831,727
830,726
829,726
828,726
827,726
826,726
825,726
824,727
823,727
822,728
821,728
820,729
819,730
818,731
817,732
816,733
815,733
814,733
813,734
812,735
811,736
810,737
809,737
808,738
807,739
806,740
805,741
804,742
803,742
802,743
801,744
800,744
799,745
798,746
797,747
796,747
795,748
794,749
793,750
792,751
791,752
790,752
789,752
788,753
787,754
786,755
785,755
784,755
783,755
782,755
781,755
780,755
779,754
778,753
777,752
776,751
775,750
774,749
773,748
772,747
771,746
770,745
769,744
768,743
767,742
766,741
765,740
764,739
763,738
762,738
761,738
760,738
759,738
758,738
757,738
756,738
755,738
754,738
753,738
752,738
751,738
750,738
749,738
748,738
747,738
746,739
745,740
744,741
743,742
742,742
741,743
740,743
739,743
738,743
737,743
736,743
735,742
734,741
733,740
733,739
732,738
732,737
731,736
730,735
730,734
730,733
729,732
729,731
728,730
727,729
727,728
727,727
726,726
726,725
726,724
725,723
724,722
724,721
723,720
722,719
722,718
721,717
720,716
719,715
719,714
719,713
718,712
717,711
716,710
715,709
714,708
713,707
712,706
711,705
710,705
709,705
708,705
707,705
706,705
705,705
704,705
703,705
702,706
701,706
700,707
699,708
698,708
697,708
696,707
696,706
695,705
694,704
694,703
694,702
693,701
693,700
693,699
692,698
691,697
691,696
691,695
690,694
690,693
689,692
688,691
688,690
687,689
686,688
686,687
686,686
685,685
685,684
684,683
683,682
683,681
683,680
682,679
682,678
681,677
680,676
680,675
679,674
678,673
677,672
676,671
675,670
674,669
673,669
672,668
671,667
670,666
669,665
668,664
667,663
666,662
665,661
664,660
663,659
662,658
661,657
660,656
659,655
658,654
658,653
657,652
657,651
657,650
657,649
656,648
655,647
655,646
655,645
655,644
655,643
655,642
654,641
654,640
654,639
654,638
654,637
654,636
653,635
652,634
652,633
652,632
652,631
652,630
651,629
651,628
651,627
651,626
651,625
650,624
649,623
648,622
647,621
646,620
645,619
644,618
643,617
642,616
641,615
640,614
639,613
638,612
637,611
636,610
635,609
634,608
633,607
632,606
631,605
630,604
629,603
628,602
627,601
626,601
625,601
624,601
623,601
622,601
621,601
620,601
619,601
618,601
617,601
616,601
615,601
614,601
613,601
612,601
611,601
610,601
609,601
608,602
607,602
606,602
605,602
604,603
603,603
602,603
601,603
600,604
599,605
598,605
597,605
596,605
595,605
594,605
593,606
592,606
591,606
590,606
589,607
588,608
587,608
586,608
585,608
584,608
583,608
582,609
581,609
580,609
579,609
578,610
577,611
576,611
575,611
574,611
573,611
572,612
571,612
570,612
569,612
568,612
567,613
566,614
565,614
564,614
563,614
562,614
561,615
560,616
559,616
558,616
557,616
556,616
555,616
554,616
553,616
552,616
551,616
550,616
549,616
548,616
547,616
546,616
545,616
544,616
543,616
542,616
541,616
540,616
539,616
538,616
537,616
536,616
535,615
534,615
533,614
532,613
531,613
530,612
529,611
528,611
527,610
526,610
525,609
524,608
523,608
522,608
521,607
520,607
519,606
518,605
517,605
516,605
515,604
514,604
513,604
512,603
511,602
510,602
509,602
508,601
507,600
506,599
505,598
504,597
503,597
502,596
501,595
500,594
499,593
498,592
497,591
496,590
495,589
494,588
493,587
492,586
491,585
491,584
491,583
490,582
489,581
488,580
487,579
486,578
485,577
484,577
483,577
482,577
481,577
480,577
479,577
478,577
477,577
476,577
475,577
474,577
473,577
472,577
471,577
470,577
469,577
468,577
467,577
466,577
465,576
465,575
465,574
464,573
463,572
463,571
463,570
462,569
461,568
461,567
461,566
461,565
461,564
461,563
461,562
460,561
460,560
460,559
459,558
458,557
458,556
458,555
458,554
458,553
458,552
457,551
457,550
457,549
457,548
456,547
455,546
455,545
455,544
455,543
455,542
454,541
454,540
454,539
454,538
454,537
454,536
454,535
453,534
452,533
452,532
452,531
452,530
451,529
451,528
451,527
451,526
451,525
451,524
450,523
449,522
449,521
449,520
448,519
447,518
447,517
447,516
447,515
447,514
447,513
447,512
446,511
446,510
446,509
446,508
446,507
445,506
444,505
444,504
444,503
444,502
444,501
444,500
443,499
443,498
443,497
443,496
443,495
443,494
443,493
443,492
443,491
443,490
443,489
443,488
443,487
443,486
442,485
441,484
440,483
440,482
439,481
438,480
438,479
438,478
438,477
438,476
437,475
436,474
436,473
436,472
436,471
436,470
435,469
435,468
435,467
435,466
435,465
434,464
433,463
433,462
433,461
433,460
433,459
433,458
432,457
432,456
432,455
432,454
432,453
431,452
430,451
430,450
430,449
430,448
430,447
429,446
429,445
429,444
429,443
428,442
427,441
427,440
427,439
427,438
427,437
427,436
426,435
426,434
426,433
426,432
425,431
424,430
424,429
424,428
423,427
422,426
422,425
422,424
422,423
422,422
422,421
422,420
421,419
421,418
421,417
420,416
419,415
419,414
419,413
419,412
419,411
418,410
418,409
418,408
418,407
418,406
418,405
418,404
418,403
418,402
418,401
418,400
418,399
418,398
418,397
418,396
418,395
418,394
418,393
419,392
420,391
